1.903863658738628728e-01
3.598929569870198408e-01
1.900315786263001849e-01
2.150219634912384770e-01
1.804138734674642641e-01
2.629404427312744819e-01
2.849020987562080331e-01
2.206276151240758598e-01
2.118668206535683773e-01
2.332544787531394548e-01
2.195505774350746953e-01
2.240382084342087965e-01
2.038901903958363071e-01
2.055378408248519917e-01
2.492858997117807507e-01
1.267107783758341100e-01
2.958443333825154231e-01
2.853461761177860656e-01
2.952411044806636520e-01
1.939430313174744513e-01
2.171952043117253706e-01
2.033681187271108026e-01
1.995611399301589206e-01
1.981371288603604175e-01
2.023505525485117529e-01
2.043204519678766262e-01
1.260442329387231608e-01
1.945291962547588960e-01
3.003299577533380393e-01
1.822896097445976804e-01
3.121420989428989046e-01
1.907284478628059887e-01
2.520254808734276875e-01
2.900940050843565099e-01
3.232405796652039753e-01
3.250638950789943582e-01
1.834404139254911803e-01
1.786643650146383100e-01
2.636011427918096839e-01
2.417273931349986082e-01
3.771000293148146221e-01
3.639020151777778711e-01
3.992848966578108616e-01
3.657244991837628190e-01
3.921090286397761471e-01
3.764766711983805747e-01
2.277687657726129578e-01
3.759476240543119796e-01
1.900337290807543322e-01
2.015736019339776641e-01
2.716166519185774231e-01
2.421472498817459906e-01
2.333136083785628534e-01
2.150060368217075191e-01
1.985335713704619032e-01
2.416702057524675040e-01
2.034543779908063732e-01
2.465972310988663319e-01
3.052442309556571143e-01
3.255790033659602956e-01
2.596387962240315761e-01
2.264323494368420953e-01
1.895453825351922916e-01
2.237506135724361689e-01
2.828173568037730123e-01
1.594859955456867651e-01
1.906399347830504132e-01
2.474544598892551017e-01
2.534077787064049070e-01
2.258976280187309504e-01
3.337515540521280855e-01
3.875003746273562033e-01
3.069863923112491899e-01
2.132579890932566336e-01
3.736830860785262387e-01
3.692166541791584433e-01
3.776428395086662837e-01
3.876595199597265284e-01
3.545731943843463685e-01
3.577524219783830839e-01
2.584878883320835263e-01
3.544420292129736305e-01
3.223573428476857461e-01
3.596069675879141059e-01
3.774775364730764693e-01
3.838234877610410822e-01
2.844462275295090992e-01
4.041233992830778332e-01
2.862148298152463188e-01
3.298794595233297544e-01
3.116696360658976483e-01
2.721165072287998199e-01
3.152981013502115237e-01
2.887813231655180224e-01
3.415115100494070521e-01
2.711201935611274316e-01
3.819754890087831978e-01
2.986111028822077684e-01
3.871648726341674340e-01
3.756903869413179553e-01
3.816273123808240353e-01
3.268582364691848818e-01
3.395398784450581742e-01
2.790652960468436583e-01
3.078782925114155744e-01
3.489940712748028639e-01
2.391006813280070475e-01
3.167941677018925595e-01
3.014655132223265088e-01
3.758115137672728978e-01
3.996462568415972694e-01
3.795408753313865291e-01
3.837204173120215556e-01
2.116158278085849831e-01
2.189677054116977162e-01
3.364069148593766823e-01
2.897349246396759836e-01
3.589510496593570354e-01
3.817048035711781417e-01
2.438699688906121044e-01
2.020537816693853128e-01
1.795974125589943904e-01
1.928014068317963625e-01
3.407149130080261434e-01
3.734619854708601250e-01
2.512662175710583257e-01
7.370628220901717653e-02
2.454970558074666409e-01
1.137545445999139510e-01
1.114523117376461786e-01
2.887538780651141557e-01
1.083737181245672809e-01
1.045579534189035459e-01
9.539964608865536544e-02
2.242157316499052977e-01
1.331220344837801273e-01
9.065279531061651297e-02
2.704604232841972267e-01
1.007939511981016528e-01
2.766953189867765728e-01
9.776882861864107099e-02
2.744205883151940584e-01
7.043381659622413582e-02
2.465023546393830256e-01
8.668887383293573390e-02
2.476679201813375697e-01
1.018498146593385528e-01
1.144198271528804739e-01
8.735993017306048491e-02
2.226160986726540836e-01
1.049483974613268089e-01
9.456616399648902493e-02
8.054536385602187321e-02
6.752995298190477003e-02
9.949183535191531702e-02
1.411887522691713803e-01
1.176539056733642841e-01
1.194086765632377534e-01
1.050654834266815246e-01
9.780600543308297368e-02
2.550546951481288405e-01
9.323453739544780572e-02
2.734387506269022050e-01
9.188441968566030127e-02
2.439645723248224096e-01
1.058184295175875755e-01
8.747417463675886962e-02
2.623070055449360227e-01
8.761532171415872816e-02
2.269317076150544621e-01
1.612723346085593590e-01
1.206252677773972243e-01
1.916502011203701783e-01
3.030993306758836270e-01
2.995498585889203036e-01
1.528001355692981400e-01
1.279494461952155326e-01
2.456306064552382373e-01
1.688009804797284685e-01
1.659187378848867300e-01
1.606863422818428366e-01
1.504181237392947512e-01
1.721987934040102586e-01
1.438429826216126861e-01
1.102328141667446998e-01
1.639679069157463365e-01
1.129334585499092714e-01
1.131731247913479871e-01
1.107829745649665104e-01
1.222010508422359254e-01
9.529518235821567151e-02
1.465903576880345227e-01
2.308375927361765445e-01
2.601542294380032039e-01
1.961051569128102745e-01
1.322804950379012634e-01
1.446035827009258534e-01
2.621467359763292593e-01
1.344589628957730543e-01
1.345781161601205256e-01
1.386213125301997973e-01
1.819495655428832181e-01
1.549379980806494250e-01
1.024884509103484581e-01
1.615216427799218979e-01
1.331493148637186985e-01
2.247775727274572422e-01
2.122354299942699751e-01
1.522551346184375931e-01
1.489845340941325091e-01
1.458702624167740880e-01
1.721038370715256283e-01
2.000831831803070726e-01
2.001419723379806725e-01
1.849257976709108575e-01
1.527373144747140588e-01
1.835507757826821129e-01
1.969322857645006974e-01
2.011713796985829805e-01
1.900716858635914108e-01
1.299705087783612489e-01
1.216325904608062947e-01
1.508423162240074833e-01
1.026180321320505767e-01
2.013581972290251487e-01
1.719945336937754310e-01
1.804250423518846957e-01
1.675189813936748540e-01
1.246257699308440658e-01
1.019542709035515388e-01
1.171773205225807718e-01
1.708433724937184761e-01
2.408039566270171461e-01
2.517798878558252795e-01
2.056942734444274778e-01
1.599028991195906579e-01
1.222309821378069483e-01
1.961416628980248711e-01
1.600607654663055157e-01
1.250473787026242789e-01
1.666115522196190968e-01
2.008976453312075749e-01
1.840678301848109322e-01
2.690423259406132805e-01
1.682210181849925490e-01
1.470433376235855405e-01
2.120891480879969482e-01
1.592928038603798058e-01
1.024824187971780376e-01
1.062317839964963678e-01
1.633563936403386041e-01
2.497990103176576104e-01
1.512336147298858346e-01
1.681993868420292859e-01
1.478606420454949000e-01
1.064529284902902551e-01
1.074458544769912732e-01
1.539668335429933421e-01
1.673011656274692172e-01
1.039392987737576407e-01
2.193366787840979326e-01
1.401508786222972480e-01
3.127687051966905329e-01
1.261594867684403820e-01
7.432204726611904566e-02
1.335788107118729973e-01
1.427064432947885986e-01
1.613845669329404264e-01
1.463154896759217005e-01
1.147607285334817095e-01
1.403726277211459761e-01
1.154338911186460481e-01
9.490367892152493101e-02
1.424452494862316065e-01
2.745680008324409838e-01
1.165798517044499411e-01
1.226032164303299948e-01
1.068355531073533204e-01
1.407559498679263610e-01
9.840205530076170937e-02
9.135741642429758003e-02
1.063541697352726190e-01
1.236464801796574170e-01
1.022825548285785646e-01
1.566552419823350195e-01
1.932187010048349030e-01
2.698436617717688280e-01
1.631943931332060227e-01
1.154343985570925601e-01
1.907129761043807603e-01
1.915595429442919218e-01
2.207524365751139805e-01
1.220893994698664803e-01
1.064159422258916521e-01
1.846110388417776249e-01
2.331478002207225120e-01
2.182714898193661435e-01
3.392632811874514709e-01
2.404629633119226562e-01
3.118965398792395427e-01
2.125616247693106198e-01
2.309408719665978493e-01
1.988399936693929781e-01
1.998384174227066934e-01
1.970524724065381428e-01
1.728164418073071529e-01
1.680872977940033042e-01
1.831443514132680972e-01
1.740494791052773771e-01
2.175548552546532899e-01
1.071699419862999075e-01
1.135483728959009175e-01
1.267287850652810410e-01
1.097665769608919539e-01
1.233305210325297274e-01
1.808682450384440643e-01
9.892847860389900050e-02
1.055316286753543303e-01
2.433711755039068281e-01
1.776518523792219306e-01
1.223524168190138761e-01
1.636126603959698333e-01
1.017519823032178999e-01
1.318547182593415579e-01
1.120084493875043302e-01
1.753494513189518822e-01
1.538880759032171253e-01
2.892040005414954207e-01
1.467641355999284025e-01
1.545681709175528995e-01
1.667724313329085883e-01
1.697776921347445844e-01
1.162641545673419180e-01
2.802102886832061324e-01
1.300791491124269617e-01
1.327826533571723755e-01
1.061968410376048777e-01
2.901078403640829917e-01
2.932785363491563491e-01
2.573574575866044989e-01
2.124275683257512426e-01
1.962418145433569017e-01
2.285617444986958458e-01
1.526369807764317577e-01
2.896539922619045249e-01
2.031229721055773652e-01
2.487368441489413440e-01
2.032524565736335276e-01
2.148699682441661540e-01
1.791766658054746997e-01
1.732702442224456907e-01
1.666323734387409050e-01
1.519936649139446150e-01
1.491701272913252274e-01
1.149707338541790941e-01
2.414465068739013731e-01
2.768111426642875239e-01
1.553092489887836214e-01
1.197574322662790930e-01
1.707955976130019482e-01
1.013274663279468135e-01
1.527033248940689314e-01
1.872391444500303148e-01
1.729246578233615550e-01
9.921742461034842309e-02
2.026905391280385549e-01
1.215633621180008672e-01
1.425753864043762253e-01
2.780461193672745801e-01
1.831994483966215281e-01
1.815688436873799105e-01
1.859605169934442914e-01
1.596592884830735082e-01
1.054680664283614011e-01
9.918528262323643430e-02
1.075155276043980174e-01
2.071629386693421837e-01
1.102085457580339461e-01
1.610955193351087111e-01
1.109081008299359905e-01
1.984828649313522542e-01
1.639698953188573338e-01
1.659373459733044232e-01
1.469909099865541746e-01
1.538872053774894277e-01
3.147072541717887417e-01
1.808794629714292890e-01
2.376108917814491184e-01
2.812604659980750821e-01
1.654952130477793937e-01
1.879164195318518416e-01
1.972953718537762136e-01
2.459451795178684841e-01
1.401807811030183204e-01
1.486920554870498623e-01
1.486925350124950473e-01
1.904579133391438028e-01
1.566989053303696477e-01
1.488137133715304039e-01
1.233462349190540125e-01
1.333274209293987822e-01
2.132759372932742370e-01
3.765364536472779466e-01
2.080787494727988907e-01
8.287839183547095201e-02
2.544129311045368880e-01
5.908138860677131232e-02
1.684178514281791661e-01
1.237049781994934983e-01
2.156815633176679958e-01
8.960889360364321377e-02
1.120229142839858916e-01
9.508304483820104180e-02
1.621964115974664500e-01
1.308212457226080039e-01
2.828038897780691951e-01
1.080237675203980924e-01
1.456846145265883741e-01
1.467391337848014676e-01
1.303388148239129629e-01
1.901077172686135297e-01
1.568199329861674207e-01
1.403631858169361590e-01
1.504824181178646414e-01
1.849754058049418171e-01
1.691298367009863857e-01
9.440752666957687167e-02
1.306611239504835709e-01
1.323508748402837665e-01
1.928989175557001834e-01
1.797903548233667770e-01
1.124489177862715711e-01
9.042125256591156124e-02
1.182992053759630846e-01
6.032122795350314259e-02
2.275807706066508007e-01
1.120079134167781959e-01
1.075182818585010414e-01
2.063418005865345628e-01
7.077651415997533724e-02
1.365098388281005548e-01
1.623212796254495660e-01
1.448980110042999980e-01
8.473946108375220165e-02
2.604947616591447579e-01
1.102297920773413764e-01
1.361530520851627346e-01
1.525422973415993255e-01
4.580923240231193211e-02
7.751202680787350197e-02
1.635106377835522651e-01
1.108891837755413279e-01
1.652700860975770403e-01
1.215018501821660823e-01
1.565076229376314021e-01
1.295484705174824447e-01
1.652436266379234409e-01
1.120705355753239402e-01
1.573035916513506605e-01
1.323207629181982203e-01
1.703454199222546595e-01
1.199817080677000325e-01
1.751872325475408443e-01
1.206093916919869502e-01
1.765977592559493936e-01
1.182751440872689547e-01
1.897617300989022093e-01
9.323134272390162791e-02
3.359093801980687077e-01
8.854787190997993884e-02
1.168536830064884763e-01
1.947286816652307184e-01
1.879688551615381897e-01
8.888022356969793591e-02
9.134053595228468214e-02
2.035402485065843092e-01
2.195397366530463246e-01
1.939928956123342652e-01
1.402475844874985222e-01
1.222364013850315567e-01
2.830285167245779054e-01
7.579626898446041594e-02
1.051650696230410631e-01
9.655802389050802126e-02
1.300336219673522697e-01
2.424789780537440209e-01
1.303233361023190817e-01
9.383148225244127005e-02
1.401382751421643147e-01
8.227228063941492697e-02
7.159675127467263200e-02
1.155833728754377121e-01
1.152233191105431903e-01
7.722071009519104745e-02
1.247422969371387025e-01
1.268688265041059970e-01
1.184347589728557831e-01
1.212460990708548597e-01
1.177279629254973231e-01
2.298323872707153381e-01
5.617855790137523536e-02
4.455520626229590025e-02
8.898583876164284368e-02
3.427351366213303718e-01
2.930184204031368034e-01
2.088822928767712361e-01
2.844965249836840515e-01
1.966967148472079097e-01
1.823696763770739360e-01
1.168552023686100505e-01
1.006167483958700926e-01
1.269628854986984967e-01
1.610322697872993425e-01
1.596388949621712627e-01
1.606028004571886658e-01
1.462762428159054551e-01
1.156165628836725717e-01
9.815865840858710445e-02
3.030336582693262115e-01
2.104573836903976536e-01
1.979669799773458305e-01
1.410629166110816679e-01
1.768795429701258970e-01
1.225586942800030721e-01
1.336766661046976390e-01
1.144605271490463649e-01
2.618176795776255283e-01
8.674514762556295722e-02
9.154068131944301245e-02
1.720489496174013588e-01
2.567284191938516980e-01
1.946313474749106487e-01
1.026163267800593859e-01
2.420181904645849480e-01
8.167711985964153099e-02
1.125371487800346099e-01
2.362441022131577806e-01
1.794140659110853298e-01
1.466479317569428509e-01
1.344530813675809122e-01
1.191698379433462074e-01
9.853413281352667308e-02
2.475022921560844080e-01
8.586695644762813717e-02
1.096202958819673806e-01
4.226942476815913341e-02
5.401140395146963868e-02
1.514397202222331207e-01
2.044225944870108613e-01
9.912138119498768718e-02
3.286301453733663225e-01
3.817040850803453123e-01
1.310756080630839093e-01
2.499986652008683863e-01
1.209112848802398194e-01
1.333734852530587822e-01
9.843700438664970687e-02
1.672650219785180581e-01
1.637345848155790096e-01
7.379862105608601952e-02
2.679351593575894919e-01
2.298558713957137289e-01
2.384052363210709125e-01
2.327738051686988330e-01
2.006352816570013409e-01
1.301462000405752550e-01
1.436295923988999135e-01
9.421801357767856100e-02
1.609614454093840352e-01
1.229392297510049220e-01
9.500899854882061124e-02
1.018356749942420647e-01
8.805350441109109638e-02
2.362892477674836955e-01
1.020321185358954719e-01
2.169476602152624611e-01
1.100518076581568777e-01
1.311212024811729548e-01
1.014019974940873758e-01
1.239309650987279743e-01
2.759521461772999062e-01
4.325105220772221953e-02
2.640505570971871663e-01
2.927590322336423578e-01
2.055677140747052822e-01
2.851387617011990061e-01
1.246130439546630914e-01
3.807438583174588276e-01
2.891985103659521217e-01
2.438161115274788959e-01
1.002492813097120156e-01
2.668218691283565369e-01
1.973749044071727021e-01
2.504691675168907450e-01
1.075319583630215819e-01
1.974204298927055290e-01
1.112127694691756041e-01
2.311750329688190275e-01
6.110489229373267800e-02
6.923624699572610008e-02
1.221680584867992081e-01
1.694842950107470769e-01
3.398333056226673921e-01
2.282727745685658727e-01
1.671280748871570299e-01
2.549400669732971303e-01
2.457609936971914821e-01
2.482738243568779479e-01
2.369839585541792526e-01
3.099405264950659267e-01
1.961693140226875021e-01
1.981979676053255701e-01
1.976836211111399344e-01
1.905745523131056329e-01
1.860178712321824690e-01
2.100994826551155770e-01
1.567164881934235421e-01
1.842650649451816891e-01
2.829313000560774172e-01
1.617907811124177642e-01
1.885667968401456562e-01
1.127254910848374120e-01
2.038835177834957268e-01
2.160566209717764141e-01
1.176898115238546871e-01
9.194420049518142735e-02
1.437278912946072518e-01
1.156902596178880915e-01
1.455135320191657811e-01
1.579976136841484136e-01
1.525681602141553683e-01
1.651491852204163835e-01
2.678104049745741455e-01
8.753013513758627073e-02
2.269621473870136741e-01
2.356308129865166689e-01
2.114855873887118154e-01
1.773300426943439922e-01
1.642170725381178753e-01
5.990159438448038748e-02
2.288419026592428962e-01
1.179973887054607540e-01
1.377294436576074754e-01
1.215855351256631134e-01
2.106117268521296715e-01
1.171544541932632300e-01
1.196653951677199984e-01
1.260238193312512300e-01
1.232599176381433959e-01
1.142884029407565533e-01
9.096973419119315507e-02
9.377482637272911703e-02
1.293900392565885127e-01
6.727046391288638016e-02
2.572285375679056463e-01
9.122893639459764281e-02
1.257216127928673655e-01
8.255949778439641840e-02
9.101184463269676450e-02
1.936170013984562788e-01
2.293228407495463972e-01
1.612672127719851634e-01
1.560099176326590342e-01
1.582551978070145249e-01
1.559819053456034110e-01
1.738273483321607638e-01
1.659900267469799351e-01
2.270587869811000747e-01
1.413282891163606114e-01
2.038540465140451230e-01
1.502177640516672574e-01
1.375232565776623728e-01
5.733698976662422037e-02
1.244554997789545231e-01
1.503344688031963139e-01
2.244072317537500194e-01
1.624786337837140215e-01
1.263538541097196655e-01
8.217709423928082346e-02
9.510321427690499041e-02
4.971793221375445798e-02
3.800285999830733674e-01
3.779625877291303837e-01
3.702951637171398858e-01
3.976864427336385122e-01
2.511392196577879599e-01
2.737499351510917500e-01
2.397072612923735468e-01
1.094104686075673544e-01
1.028570636774044367e-01
2.816483914226559637e-01
2.798520504274328857e-01
2.723406354990203782e-01
2.908513218859142824e-01
2.787478486505727826e-01
1.341369941630897455e-01
1.197671242640920564e-01
1.020320889239694773e-01
1.176199689922256819e-01
9.814014938751734751e-02
2.224718226484068972e-01
2.411544661394183497e-01
1.305741815596530853e-01
7.602861361169360732e-02
1.421163346525804450e-01
5.535811940989560087e-02
9.482537653748088213e-02
1.772267331159494419e-01
1.578484205077396452e-01
1.036596847968771912e-01
1.111040267619613359e-01
1.853150562396413958e-01
1.729700196982774940e-01
8.894211029977679150e-02
9.567389923878888425e-02
2.796019703899648157e-01
1.699570075069507524e-01
8.003161369310964057e-02
2.302843177973361022e-01
1.924268407778076118e-01
2.868707105128482926e-01
1.314727108587406268e-01
2.839100178797931973e-01
2.910202610757078312e-01
1.560243461530528286e-01
1.213361394671278320e-01
2.996184471492864265e-01
1.058100608928593950e-01
2.651998392912685576e-01
2.537396612775919547e-01
2.550226454357299444e-01
2.627963726750405793e-01
2.637835288954099577e-01
7.748560574385127131e-02
3.130021779964088369e-01
1.018871726808950051e-01
1.995223056378327975e-01
3.137131490254662092e-01
1.030090647323095854e-01
1.968019165231106316e-01
3.095119886062663306e-01
9.127531220590358318e-02
2.746869216780541967e-01
3.075125920545719316e-01
1.405685673742657626e-01
2.529191340159904766e-01
3.093691672195515996e-01
1.247831267275747030e-01
1.459532467571146297e-01
1.486502303821235493e-01
1.658911637036592779e-01
1.588165789640322290e-01
2.875208561775244864e-01
2.748663166304727845e-01
2.650978121885028682e-01
2.910024961428000490e-01
2.938386403595075747e-01
1.213655345877120845e-01
1.295346243512977558e-01
9.358790980004418059e-02
2.787012429169336558e-01
2.934302350887650901e-01
9.834219146024754388e-02
2.658738258997009885e-01
3.045298807395478979e-01
2.693221059503216885e-01
2.802119165202151541e-01
2.749543775486472108e-01
2.777942755811599329e-01
2.816242285526033284e-01
2.706018949532972284e-01
2.657816501765581374e-01
2.984687625911593423e-01
2.763250263611246038e-01
1.688882108757181477e-01
2.734964153189205494e-01
2.807591297637549443e-01
2.733001176068622362e-01
2.697283536862973286e-01
2.831906849770446377e-01
2.812994691477641029e-01
2.869390703044173985e-01
2.523344763443285954e-01
2.924700758339630058e-01
2.773628975263536245e-01
2.859140957289520446e-01
2.522554951381342780e-01
2.743041065833622394e-01
2.847457473318040222e-01
2.593522158974669312e-01
2.872039739835692274e-01
2.911576587730584920e-01
2.984959318101131354e-01
2.658703560556398560e-01
2.469663020070194670e-01
2.526774773553240316e-01
2.773869920732407457e-01
2.852937028351855142e-01
2.700816301216431570e-01
2.860554281702540336e-01
2.816568925497108800e-01
2.924296217602486703e-01
2.869672558773843640e-01
2.673495231791273019e-01
2.859185635189143704e-01
2.899249229816483475e-01
2.940526630399832864e-01
2.613334086962952885e-01
2.587917519845345793e-01
2.561860326670864496e-01
2.684117505609382448e-01
2.816568812981102843e-01
2.909510733385106684e-01
2.964975396336302915e-01
1.758804494271403174e-01
1.055021540978521299e-01
1.933193097959386153e-01
1.380081718487746190e-01
1.937740241520131690e-01
1.992533721104695899e-01
1.635803574810393846e-01
1.498675268072582334e-01
1.590747852256464701e-01
1.252220825384507408e-01
1.773015725924782515e-01
1.401667448171162733e-01
8.240949184180280940e-02
7.941352108972549173e-02
8.803118204632653931e-02
1.635030602525794352e-01
1.167719851380953494e-01
1.148273005856992462e-01
1.383264638353372544e-01
1.111215808486235579e-01
1.696346027291146252e-01
1.317218480001063896e-01
1.415680958687019764e-01
6.850765872237329912e-02
1.657751739262969259e-01
8.488951785286437401e-02
1.910799117347832532e-01
1.568826236360714166e-01
1.190501036683483532e-01
1.033311998309910384e-01
1.253913181769937824e-01
1.062744097881868077e-01
1.009252314315546573e-01
1.301287843705505598e-01
1.213097037640015058e-01
7.896914708392897830e-02
1.103166712631048624e-01
9.461554397768799640e-02
9.115854104770824973e-02
1.113922413401417649e-01
1.115484657790323381e-01
8.616498158608967839e-02
5.591642183842630842e-02
6.584137688317860670e-02
9.574431399487275118e-02
1.169920052404317123e-01
1.023329523093388649e-01
7.074805727612787365e-02
1.024787963640716587e-01
6.280433809434658732e-02
6.468601790067010637e-02
1.619075716669524656e-01
1.023481484777430534e-01
9.382927551590340698e-02
9.137432438556679359e-02
1.106619198619840233e-01
1.338235490502391600e-01
1.222979738395934546e-01
8.299663758562862703e-02
1.067120233806900936e-01
9.768058432902587684e-02
9.733792423791914894e-02
1.378176246356832835e-01
9.632684705376935719e-02
1.009397001903119817e-01
1.003592172840670482e-01
9.338680912976485282e-02
1.173803082328738062e-01
1.356348235289532578e-01
8.220005330905233443e-02
1.169609140673874975e-01
7.513193762576736434e-02
7.705083655500379047e-02
1.161911773184386015e-01
8.635887034136589813e-02
8.650342300832628006e-02
9.759277470790603259e-02
9.678539746507866526e-02
1.064936285788180004e-01
1.107528588598526570e-01
8.781118280658405106e-02
9.452968428265731693e-02
1.090900856617559728e-01
8.293001530756335948e-02
9.702737064967124903e-02
1.600156028295320887e-01
9.707463763793024170e-02
8.807108707074991216e-02
1.258539414517932109e-01
9.254524157466349765e-02
1.138996976297141500e-01
1.329012437632260679e-01
9.123037754633006591e-02
1.204700384249740297e-01
1.003564856592653598e-01
8.197451049669503276e-02
1.401205626817448868e-01
9.538120864130672505e-02
7.918240936098930316e-02
7.843371100132276452e-02
1.024839750646384384e-01
1.283693180615346208e-01
1.274106987314073680e-01
8.822234318298045885e-02
9.356314470667877192e-02
9.019024184946435388e-03
1.380326609085627196e-02
7.213382319262386447e-03
6.380885084314477478e-03
1.202565918731107741e-02
1.338566049164111038e-02
1.364008716805619956e-02
7.661171809896497563e-03
7.375539558479616252e-03
8.551322149296422537e-03
8.917448270097076343e-03
8.516131091736814027e-03
8.832491597414816875e-03
1.014302779955448056e-02
8.872026102393404390e-03
5.053133427795061978e-03
1.131096931873535293e-02
1.094427581963526054e-02
1.182156001654834608e-02
8.223735490243392135e-03
8.344638396029191788e-03
1.039071222344128617e-02
8.183346658271315258e-03
8.253262199146899417e-03
8.087058136514778048e-03
9.169024482285794211e-03
6.464654021945185486e-03
1.016474062540772931e-02
1.219084566573528858e-02
1.129229215161199444e-02
1.567950751055945807e-02
7.811565194755989462e-03
1.408777944710971897e-02
1.386820331987309585e-02
1.316686600234096179e-02
1.273379711986503786e-02
8.199577619826569838e-03
8.071064073007104891e-03
9.961805509505174822e-03
1.098476538247413967e-02
1.722665767129042888e-02
1.507884582061770444e-02
1.853512802380586147e-02
1.410754253718136779e-02
1.684931594731263818e-02
1.663102797104662467e-02
1.135203545266066580e-02
1.659207143603557560e-02
6.533970123390856616e-03
7.189593020609100563e-03
1.357580449741026957e-02
1.059825570959675722e-02
1.213100610181390600e-02
1.048418146265171422e-02
1.128201563423467287e-02
1.262044306179668438e-02
1.040832429360899307e-02
1.616775732787129397e-02
1.993196323260357575e-02
2.086259813384538572e-02
1.255393958119376506e-02
1.366485094091106182e-02
1.183273812408654375e-02
1.083153996356381321e-02
1.567058859014328412e-02
8.156460806704549441e-03
7.054295202882555731e-03
1.185005382657940490e-02
1.186089089919532130e-02
1.313304647548368259e-02
1.680430097120364299e-02
1.797862681771589949e-02
1.628085073412395209e-02
1.044505176619243275e-02
1.908283780647538480e-02
1.831296712039885699e-02
1.610871783671561849e-02
1.779334035373604517e-02
1.495568019612141496e-02
1.796321191349764881e-02
1.183196002500348440e-02
1.992160436237823407e-02
1.695011841519743212e-02
1.772762827179830483e-02
1.426315810197449976e-02
2.145586533350548469e-02
1.176849880800996846e-02
1.881153871449682199e-02
1.109480285703823288e-02
1.566715596638559166e-02
1.399599518453674418e-02
9.496130252893133714e-03
1.402407835235532085e-02
1.185111969094520580e-02
1.657103286209951273e-02
1.059382924622897550e-02
2.058339230893456440e-02
1.117988939212386131e-02
1.787388919294019898e-02
1.505110788499557962e-02
1.517277572478219379e-02
1.553385775675683068e-02
1.616728732897609183e-02
1.169289344532789543e-02
1.703471981955426498e-02
1.428655886637912251e-02
1.081106645043890258e-02
1.190901787421224343e-02
1.268193871714002642e-02
1.965285142323474482e-02
1.916169265348980841e-02
1.600276724543518714e-02
2.110637780164265412e-02
1.164802563525230324e-02
1.013135592188220413e-02
1.615126165533027972e-02
1.265465986129427935e-02
1.930999745871589054e-02
1.890591572822205441e-02
8.863533125554681064e-03
6.740093108669201194e-03
5.248347962993446698e-03
9.282812489321733834e-03
1.592031303127160180e-02
1.534278185649706229e-02
9.324894354683969933e-03
2.057779233328648968e-04
8.465237570959118982e-03
2.530261982799714886e-04
9.354050552668476777e-04
1.207523659063079562e-02
1.636481840945778901e-03
5.861111913436887772e-04
1.711609842226512711e-03
9.750794575096229447e-03
6.294653856653389164e-04
8.334705450897003740e-04
8.801376496163630658e-03
5.179609492268974231e-04
7.498950761230339067e-03
8.763040501909585443e-04
8.957753362441308459e-03
3.032195810117710552e-04
8.885875194235354907e-03
5.476782277983976684e-04
7.130896876318328949e-03
1.470427987155385925e-03
1.241301601944575558e-03
8.868349795298596490e-04
9.064035362317996586e-03
1.722312057591472538e-04
1.409991947797317388e-03
5.478973399120168168e-04
9.225960304421956673e-05
7.313618030411293955e-04
2.642708114053299046e-03
2.082412399783097317e-03
2.336195487050860692e-03
1.867360325382926966e-03
1.335601763160832334e-03
7.614770328254032335e-03
1.304992545986787293e-03
8.624417694843185267e-03
1.106182543151655638e-03
8.545573978816981345e-03
1.260709103989485907e-03
9.647365490589931503e-04
7.369919814565978854e-03
1.034365513531649693e-03
9.484722004666093151e-03
1.827579654271177566e-03
1.644979573952029105e-03
2.750575306117890480e-03
7.863424624243886552e-03
7.339652090560427541e-03
2.078234373782426869e-03
1.434096776777748399e-03
6.835176746304774155e-03
1.395443088916751683e-03
3.127231182569722209e-03
2.239588703808794432e-04
3.143914647894943248e-03
1.958728452047024671e-03
2.193950364851960343e-03
1.808963706091226958e-03
4.059355973779947037e-03
2.962549373331579278e-03
2.855802783638789009e-03
1.033572092022832243e-03
1.385401143567852999e-03
1.743179488241815116e-03
3.625861868770914771e-03
2.971708857868806796e-03
3.412782730843521607e-03
2.271652519251434257e-03
2.051690339564948753e-03
1.786204069219820634e-03
5.798386103326491452e-03
6.290043146587569059e-04
2.419483433611781514e-03
1.730391912601474819e-03
8.786876032536468633e-04
1.456193829226182018e-03
2.484101476369863538e-03
4.116921715504215720e-03
5.993361290315373088e-04
6.194701558675191552e-03
3.464417523031153127e-03
2.259609835298483690e-03
1.263085845798154984e-03
1.620299449981476517e-03
3.926060776135074926e-03
2.028872115998171279e-03
4.087505412520967864e-03
1.059520335521632606e-03
3.455018361497810223e-03
2.104561920744795096e-03
3.065934862000580484e-03
2.911350852837232307e-03
1.544100698721688654e-03
2.367705076649830910e-03
1.907027037065761208e-03
4.724026986614224440e-03
1.683838760117283137e-03
1.266470597009876657e-03
2.949036233333245452e-03
3.146740225676871155e-03
1.108861758718469176e-03
2.693319572695202467e-03
2.482849595560509843e-03
3.015134022961506004e-03
3.072412801298111690e-03
8.148059439876008045e-03
6.874792554746534529e-03
9.292493333137041150e-03
4.313070673076957354e-04
1.595392135913017116e-03
2.963774868111960538e-03
1.242450785066506790e-03
1.417392934588354147e-03
2.435065836137945919e-03
3.171782829822854689e-03
2.412731824347562424e-03
2.945745234393531108e-03
4.644124543421941469e-03
5.004794244290562081e-04
1.389740659655100711e-03
3.979648393176664746e-04
1.957859885377372273e-03
2.133072138720388221e-03
1.982729254641151396e-03
9.409884847939423841e-03
2.120512253694867375e-03
2.469057741188426369e-03
1.750617525961715906e-03
2.093126988787339174e-03
2.461902367743981721e-03
1.763433561758398710e-03
2.601039155212403996e-03
1.066616953036093668e-03
1.564171732330988870e-03
4.734948727723304034e-04
9.887984529671871303e-03
1.170711868767517405e-03
1.496330550329479341e-04
1.728180666814514363e-03
8.354282379679899700e-04
1.438142296586911823e-03
8.574603631311911254e-04
2.784170042626902316e-03
1.369129251546458972e-03
2.053765429223256261e-03
2.329374457946591179e-03
9.073896452417919449e-04
1.185502285197423400e-02
1.920990520848406637e-04
1.194414191880149552e-03
1.056293352139525037e-03
2.232367330637981262e-03
6.534821446245268070e-04
1.134231716806656217e-03
6.290680728248600629e-04
2.565025615071556912e-03
1.387599629529016583e-03
1.077131716081425545e-03
4.140273779320475210e-03
6.955646441547063893e-03
3.434134963959238965e-03
3.699238732224615668e-03
2.631845207671016078e-03
1.262811995224247382e-03
2.172521454802010029e-03
2.027734015422776124e-03
3.352422154582788711e-03
2.735529401828454190e-03
1.132794115359126450e-03
7.820145504900169985e-04
4.996088364398825442e-03
2.512255722794443785e-03
9.853684551473597397e-03
3.491139673950674656e-03
5.410825921887012224e-03
6.554074033235882807e-03
6.830152322178606634e-03
6.211851142740812230e-03
2.585227700224298521e-03
2.932979800553764827e-03
4.009696352748721819e-03
3.806672173462704364e-03
4.353089112852770622e-03
8.614699755846759932e-04
2.564781045206954851e-03
2.415171321442857819e-03
1.429673662507802102e-03
2.123696776703498830e-03
4.431548577816240599e-03
2.219965621979756720e-03
2.630953695362613521e-03
9.086397348205224600e-03
3.269229551962201438e-03
2.259528624049425213e-03
4.293674877823093657e-03
8.753961910198253564e-04
6.196188091529563919e-04
2.374355058855779927e-03
6.539307401828730508e-04
2.507297279569691527e-03
5.763067804297203681e-03
3.083670354898132744e-03
6.681831912697709999e-04
1.472511996807263600e-03
5.582841390541421096e-03
2.486135323982483630e-03
3.880340265823301223e-03
5.741782883864099711e-04
1.242057278068613461e-03
2.608365038783863350e-03
5.036160751223756407e-03
8.564446536798128382e-03
2.573311301787046743e-03
3.794875293875699454e-03
4.136607435560187354e-03
5.653261487031664700e-03
2.150409613328011470e-03
4.324926580956809340e-03
3.401218022171130940e-03
5.761171474170235021e-03
1.969818455224561522e-03
7.399771003482126346e-03
1.152840101570399688e-03
3.768475510830901747e-03
2.754380028238139540e-03
3.223336910963563087e-03
3.751894212094704622e-03
3.268412310678352889e-03
5.541837203065775978e-03
6.739945652462327880e-03
1.774602149061841553e-03
1.297894575603872032e-03
1.783815040718105547e-03
8.449453123571124468e-04
8.401615675614565676e-04
3.026876008647708376e-03
2.729308321977533779e-03
5.440159300871459875e-04
6.876141517953937229e-03
8.060723619869976852e-04
2.897715203899007847e-03
5.444211081059171543e-03
2.711773905238610421e-03
4.446289501808187855e-03
1.017285973464524635e-03
3.178521592072154015e-03
1.467598446678966247e-03
1.766312388682638292e-03
7.739237030886309725e-04
3.125595849242900504e-03
2.311199958243080697e-03
9.094429757435797904e-04
1.428414351399613647e-03
2.477766739315884290e-03
3.065041020211807174e-03
2.889330121681784724e-03
2.189131148388383154e-03
3.837566338284126993e-03
7.630335796307737874e-03
8.092685419270021982e-03
9.001106222730476461e-03
5.144894587681422306e-03
2.519747131205318878e-03
2.658719566306938335e-03
2.360586559318246687e-03
6.441009393856955006e-03
5.224666093304029422e-04
1.436597475469731256e-03
1.438015484591672949e-03
5.507985526810618530e-03
4.673018489809659115e-03
2.098315253412011330e-03
2.478230088793065018e-03
3.584928735999991234e-03
1.017406531080976935e-03
8.679415426737660186e-03
2.503045653311873966e-03
2.403132752255727480e-04
5.412860024090688886e-03
1.578088464980982380e-04
1.934753877876030760e-03
2.002448007893109765e-03
2.892402796686806450e-03
1.987837447513303869e-04
9.349410295504715588e-04
5.639636671306989986e-04
2.560330048277867799e-03
3.503263170130534285e-04
8.632504149015287134e-03
8.147608618910920104e-04
4.781679737795415525e-03
1.559024671360609900e-03
1.814212787686053912e-03
1.024900064416299798e-03
2.359527552229697886e-03
3.085080191666549412e-03
2.716124377574676702e-03
5.154965012501266366e-04
3.100777991399677937e-03
7.995354552238023195e-04
2.651685958948303990e-03
1.600830169405542030e-03
1.785552061097151573e-03
3.121364587320052571e-03
2.541060776413694121e-03
1.572838835073564348e-03
1.980518135307069057e-03
5.669942421023729118e-05
5.904406618994340224e-03
1.011645514451134289e-03
1.577583269372697349e-03
6.128840749259231030e-03
1.937963213457063506e-04
1.170648962081999398e-03
2.360084188675633850e-03
2.299168888114530573e-03
3.035932741857909930e-04
2.290893099359656796e-03
1.347824301363274900e-03
6.812106156322601412e-04
4.681629681929113523e-03
8.426698436776600609e-05
2.326547568717119774e-04
4.404829482032137158e-03
2.579892013321491342e-03
1.732570446181577696e-03
2.621013224885891321e-03
2.139233428415477072e-03
2.663673066424769847e-03
1.962691064970944338e-03
2.605980902848167250e-03
7.536435012479155912e-04
2.406039448633291548e-03
2.343082504870583511e-03
2.734397680227105935e-03
1.778624294186136523e-03
2.677362239543504795e-03
1.341135818836457433e-03
2.623436815443033667e-03
2.199551960452578690e-03
5.594569144535255483e-04
3.937156422930845542e-03
2.792222566238778325e-04
1.202322093429227705e-03
7.558436003993636559e-04
1.214900453887556974e-03
8.847670350299570788e-04
8.727214152552867756e-04
2.195232820730339679e-03
3.020089279837939386e-03
2.456225470509825360e-03
1.236040376096429489e-03
1.222457125187703881e-03
1.023064270669217513e-02
2.221594074295593678e-04
2.449602392147179689e-03
8.039356001324368889e-04
2.253888477054881607e-03
2.049491229605135759e-03
5.670002304416353611e-03
2.161255137711996267e-03
2.895341747404825590e-03
6.289339142346308479e-04
2.384520484087750136e-03
1.925659006869909727e-03
1.305465961050907269e-03
3.256684615053295328e-03
2.940055767916202861e-03
3.720968345711507010e-03
1.945078995598815887e-03
7.190996490911087235e-04
1.152461597797992690e-04
1.979443745225884475e-03
2.054721167615405748e-05
1.901831780045749252e-05
3.267858161257361201e-04
9.918316237947040481e-03
3.533802726593701388e-03
3.741700790745901631e-03
6.251592799747251322e-03
2.646161519743913879e-03
3.120816477898755072e-03
1.328045408271650565e-03
7.988164069006615381e-04
1.278930678379211700e-03
1.604347662929226813e-03
1.903752582599158895e-03
2.547822398493709319e-03
1.898335334122900047e-03
1.465812253301095741e-03
7.100975560677167493e-04
7.442159217831089378e-03
3.567743823877998766e-03
5.055507564549435728e-03
2.622428979935955730e-03
2.473573711221962144e-03
1.512129085413228217e-03
1.799055861097793255e-03
1.050271625528785861e-03
5.315424124224589833e-03
1.944840218078001384e-03
2.897833964457019722e-03
7.311642560361010339e-04
7.363757059623984857e-03
3.580816737820169664e-03
7.268400707751767080e-04
6.901374691018844626e-03
4.352513506306613300e-04
2.670546013695657226e-03
3.567130643734301061e-03
3.155770215520876769e-03
2.828233978907078103e-03
6.049102043183195946e-04
5.440196228684376781e-04
4.881047047844832166e-04
3.274635690741769471e-03
5.655282395075332015e-04
1.776786298063597926e-03
1.591460302976546276e-05
2.655897282339827949e-05
2.646646003509508117e-03
3.106160445681981075e-03
4.942973113670048662e-04
4.860351277861677845e-03
1.393430557616046582e-02
9.416644911502575514e-04
4.128076899989381252e-03
9.745099854013043131e-04
4.544035511537639375e-04
3.150679100364631624e-04
2.774843358041351703e-03
3.092155118567311537e-04
3.670413026930210640e-04
7.611843123247692515e-03
9.413652614817734701e-03
1.549657464045839199e-02
9.596555579313286247e-03
2.632515426671904607e-03
2.392773593214291439e-03
3.215267423064811433e-03
8.335089877021279337e-04
1.578210740969729180e-03
2.445909537009820526e-04
1.945377971741334188e-03
2.229829840298734253e-03
5.220532667556014106e-04
7.217052211726614382e-03
1.249506492630583733e-03
6.417815057474094385e-03
5.865116739275008911e-04
2.168798875348479892e-03
5.305410398009298466e-04
8.112511410585376012e-04
2.273599441113032232e-03
3.704737157554389287e-05
1.137241982229809933e-02
8.139576737092993342e-03
6.209742426239072549e-03
3.098093549220198081e-03
1.955068643724264341e-03
1.382282059102257592e-02
8.073339826271912559e-03
8.690814098024078269e-03
2.520925070362074489e-03
6.702607765169371623e-03
2.197370751649120255e-03
4.293250538890557369e-03
5.730582619950296084e-04
1.618375434170931651e-03
1.345457925367563219e-04
5.322857761699889209e-03
4.707607437997870603e-05
7.770753311017755097e-05
9.793624801794395106e-04
3.523066202553715165e-03
8.514491917571101465e-03
2.682790771207681918e-03
1.736953627449758664e-03
3.125558091828804178e-03
2.802019624152177635e-03
3.817347282601512518e-03
3.138949925397418236e-03
3.869860305654154037e-03
2.256734279596441309e-03
2.690396731261348630e-03
5.184896522945677683e-03
3.764282708882811697e-03
4.186994746006932749e-03
1.608153467315021502e-03
1.731630274217785476e-03
6.449457058276394580e-03
9.445661443989811223e-03
1.944010355505153232e-03
2.923552122269414046e-03
1.136525383386070061e-03
2.059178597504445710e-03
3.330113884457277379e-03
7.441125464464692441e-04
8.935360710852644156e-04
2.766003969173499652e-03
6.511967357813953829e-04
4.205084012650129634e-04
1.819417189969567677e-03
2.044132992134385651e-03
2.902207266279918218e-03
7.815444663512707835e-03
1.751794429854550052e-03
6.095341126607012848e-03
4.867831674987186351e-03
5.472675825170872366e-03
5.367063555938159265e-03
1.678473607393638194e-03
1.151090491900591561e-04
1.429419355420804031e-03
1.520892721095605353e-03
2.833582742440694281e-03
1.321371444328546182e-03
6.412017764189240424e-03
2.189518211572618906e-03
2.166426382950123811e-03
2.283628554035951452e-03
2.441130712473219000e-03
1.927754067024642836e-03
7.281252288377816628e-04
2.756557795461770429e-04
2.766730937371389941e-03
8.208712883912193609e-05
4.363429363217009686e-03
5.659650786980218199e-04
4.290257767350613401e-04
5.350410706493498574e-04
8.981607384188192069e-04
1.300329703629252110e-03
5.794323979628051083e-03
5.856527020068332890e-04
5.183697091021619409e-04
8.107650034939731980e-04
6.956799597421170966e-04
1.194541653080361410e-03
7.602246536410352772e-04
6.795547089573046769e-03
1.355606070058142966e-03
3.156670721874995852e-03
2.758675940410867597e-03
3.471390349576539028e-04
1.674874802451414694e-04
1.257584830799114142e-03
2.364599595892033848e-03
1.325328328644011927e-03
1.870059717911610239e-03
5.478310889639618174e-03
5.670869630281890521e-04
8.573749234177274227e-04
1.176326206080954330e-04
1.438482977976773131e-02
1.757538287015874071e-02
1.533680936133282116e-02
1.495421634733296555e-02
6.432854453933077761e-03
6.440357604149419581e-03
2.980251648979340487e-03
3.010750143861297412e-03
2.871324004460797802e-03
8.289208074336584797e-03
7.379059751321651907e-03
3.276362574798351822e-03
7.383667154710295798e-03
7.698015581452944713e-03
1.482730473454751128e-03
1.027244248054163004e-03
2.650778767144505374e-03
1.279008414251089909e-03
1.272114948850675302e-03
4.279880967369608692e-03
5.677080854463891282e-03
2.406187158237781121e-03
7.395249398543652080e-04
1.824225195603014970e-03
1.596866991159740716e-04
1.526698208593390768e-03
1.372358995522006582e-03
4.740871842326336953e-03
2.653269886794742440e-03
2.541830993649700846e-03
7.065807441426350671e-03
4.604284536334108356e-03
2.367715924690260397e-03
5.966976111452916044e-03
3.972495749922547170e-03
3.483010187892578591e-03
2.676220539716863528e-04
4.541601571466680545e-03
5.819753148637402292e-03
9.516563939339041031e-03
2.155375344401044748e-03
8.009465308568877381e-03
1.038673993592773882e-02
2.267218691596971630e-03
1.074797908002796815e-03
8.641913354855680629e-03
2.132981347075215729e-03
7.319030510778352580e-03
7.817600908834407974e-03
8.403739519768013699e-03
6.810761469063448918e-03
7.694837899371528150e-03
1.486075281006314034e-04
7.707163666178319487e-03
1.765092731003631331e-03
1.074330345455634444e-03
9.803731159297199987e-03
2.344003014611590035e-03
1.157006489943880308e-03
9.010101575060682627e-03
1.868756227744711607e-03
1.700964613520496030e-03
7.642801329201449369e-03
2.083589066879600656e-03
2.259202615635007468e-03
1.014576594349499150e-02
2.710621525745760159e-03
1.738553559722701885e-03
3.036230264401033625e-03
1.173316941083145208e-03
3.747812119445371234e-03
1.096540218200911868e-02
9.443841773030181228e-03
9.531100452589362504e-03
9.609031947688133346e-03
1.399298252901087780e-02
2.424474987261398314e-03
2.218077649054467013e-03
2.019942688778409573e-03
9.303886226213113272e-03
7.767871630986084540e-03
2.304131958277819570e-03
9.135373769442791184e-03
8.338084944385664235e-03
8.013160641584356897e-03
7.682443330336807992e-03
8.748248277726258793e-03
8.057399460246927186e-03
7.598705465111731117e-03
9.820257642484817723e-03
8.141396792957699899e-03
8.408683575371002708e-03
8.646024232070727636e-03
1.415920755165860599e-03
8.715017538785636148e-03
7.918026160265051114e-03
8.300183558522342131e-03
9.019218967052313948e-03
7.606556453327316218e-03
7.795128397164663263e-03
7.502055558220697626e-03
8.281149432206780583e-03
8.290593842121760093e-03
1.014014307780873939e-02
7.651110844643158396e-03
8.807590126246215428e-03
1.035532918413522435e-02
9.069716451195313986e-03
8.474434690476153123e-03
9.358052584385984432e-03
7.751339669824844347e-03
9.247492742803708685e-03
6.845847720835860142e-03
8.149595203035884042e-03
5.004094861243289956e-03
9.510534183977226858e-03
9.291030362939198262e-03
9.932522947332322882e-03
7.882739979270737135e-03
7.828847674287519806e-03
8.824764182933902967e-03
7.362988224288241623e-03
8.210414746646809564e-03
8.872511768863222681e-03
1.052361488308010441e-02
7.559407041098843705e-03
8.112068913478119592e-03
8.027693379252251807e-03
6.749087616696153313e-03
1.012446958328635377e-02
8.034116471869476653e-03
8.150465726073870265e-03
9.291196325764687625e-03
1.117508198948908953e-02
2.823743406236854572e-03
2.636355046008746674e-03
9.296228273167118396e-04
4.102037709935169897e-03
1.573527817400842237e-03
1.320108174342797969e-03
3.567616878546793924e-03
8.200840856491944464e-04
4.432025948059143371e-03
7.806548631089511555e-04
3.166990064268085815e-03
3.096132515160298672e-03
3.310371305095340371e-03
3.642175957649223042e-03
9.151263271187129152e-04
4.830341802938274177e-03
6.628099551207686409e-03
4.197985368954879233e-03
1.749371519060004829e-03
2.140475110269017631e-03
2.918373052929837744e-03
3.989493113507259353e-03
2.891655997084402810e-03
3.765884044966704564e-03
2.748633483307310731e-03
6.436095567176798767e-03
1.398192676810606008e-02
6.056794116801972501e-03
5.459045319130092187e-03
2.456191735397306349e-03
3.994563109359246071e-03
8.132207188322230010e-03
7.486871295272283164e-03
5.685241728269807907e-03
5.331715951824913050e-03
5.199033142017969907e-03
4.970425914120142532e-04
5.488081553326535538e-04
2.006439024193491880e-03
6.067966007212762664e-03
7.038323181400124931e-03
3.898533484887445767e-03
5.490485846856020015e-03
9.654447405322442305e-03
7.975578139384362220e-03
6.644794686255086485e-03
6.044477836791255568e-03
5.061321153158733661e-03
4.408852891919098904e-03
5.219409355449306648e-03
6.794972521953326731e-03
7.276504306897768094e-03
3.757238736399472201e-03
3.699255391927237877e-03
9.945241536838683380e-03
1.103927190952003028e-02
5.729693937460208532e-03
6.275540933064155912e-03
6.297444629930007594e-03
2.428730348451185912e-03
5.423824253978288754e-03
4.086922702400284414e-03
4.055400497129523114e-03
1.914529539500494076e-03
1.412130550104603952e-03
4.912289648301341669e-03
6.892373991962499370e-03
4.517267676588236115e-03
5.333575477181002299e-03
4.022639142133165209e-03
3.887353389115398615e-04
1.957667042070974049e-03
5.526311616159591995e-03
6.288769180780680833e-03
4.436399423439219177e-03
4.659784653931665910e-03
9.624823578876846863e-03
8.895176484896395036e-03
5.654523216858851030e-03
6.884083405293593000e-03
5.028615244445417201e-03
1.073163882427671757e-03
2.466249811753408634e-03
2.266792754491700132e-03
5.061155794084024571e-03
6.128612238160617391e-03
2.929602931376587734e-03
2.732545389016881061e-03
4.050888217344174660e-03
6.998330261806298518e-03
4.608509998863339480e-03
6.144866543448056218e-03
3.466614058025365135e-03
5.277974917944333990e-04
5.414495207286068807e-04
7.214376911942820512e-03
8.715566318713953778e-03
3.786133505146694993e-03
3.594834596567773356e-03
1.068408682062679457e-02
1.082017400258297561e-02
6.433124223800027255e-03
7.194588046412769486e-03
1.440273943983772821e-03
1.587965072207202788e-01
5.362106166997500090e-01
1.538905464344391349e+00
1.566307402760952039e+00
