1.847314657007871896e-01
2.985996677306818614e-01
1.727082406547859605e-01
2.081099611491799561e-01
1.436923535103879213e-01
2.152556855092634114e-01
2.324537429819040768e-01
2.269946430347536126e-01
2.352644936223111105e-01
2.152092775598110908e-01
2.236247148067394275e-01
2.240628831120890507e-01
2.082469980616056260e-01
2.365440305413427369e-01
2.078403741754136780e-01
1.380625855215792674e-01
2.448770049816760552e-01
2.533837720940450566e-01
2.465975741314515857e-01
2.030688143835465975e-01
2.300455152414403737e-01
2.595592758120482402e-01
2.211177585812028334e-01
2.193768685891858972e-01
2.161287187682772448e-01
2.036548214422684022e-01
1.368777575924274292e-01
1.725824125113635810e-01
2.304455341702324467e-01
1.413985315715636237e-01
2.493446859770227231e-01
1.620037949865177074e-01
2.084823216703965698e-01
2.506428988928968704e-01
2.518575652175864543e-01
2.716039108073394770e-01
1.943914770933141689e-01
1.841540503972364240e-01
2.483355555770305756e-01
2.157518852669361720e-01
3.102502796033302368e-01
3.048135540880524963e-01
3.224834447889697864e-01
3.052629312948442752e-01
3.267567412870259203e-01
3.088207613751670633e-01
2.361586133022618716e-01
3.015781427648062119e-01
2.085448679010507012e-01
1.744800538177233573e-01
2.334719049387886936e-01
2.221602462272594392e-01
1.917018579730210281e-01
2.123239844187887193e-01
2.396414429175787453e-01
1.824528839449023887e-01
2.016960803416384118e-01
1.818559356524589721e-01
2.675282217754371694e-01
2.668332773362093180e-01
2.024354974883906533e-01
2.061455904084420754e-01
1.870139083056516494e-01
2.081719555130389365e-01
2.247535897306908170e-01
1.560504733537178557e-01
1.615921911625716467e-01
2.436625035191530564e-01
2.460907620751230929e-01
2.509567595118405436e-01
2.960058448590068281e-01
3.264555983079933110e-01
2.726834499640529152e-01
1.683888338374018301e-01
2.945977277308113318e-01
2.791232469322260101e-01
3.231210427661586615e-01
3.284276285105092175e-01
2.999792694552219641e-01
3.075331653805666865e-01
1.944143343754551334e-01
2.761758866814763569e-01
2.855441577275134590e-01
3.061530310424390167e-01
3.107296273529817077e-01
3.120385327293208610e-01
2.262276904317168380e-01
3.232812365159655199e-01
2.487313547965599447e-01
2.746841070329749668e-01
2.623574382369861513e-01
2.397092694327988271e-01
2.659127141412719886e-01
2.539536371498745670e-01
2.822510408163674267e-01
2.433307568128880716e-01
3.139973258516183807e-01
2.525328312462006286e-01
3.218038713465045664e-01
3.019125929475868775e-01
3.116235154448389055e-01
2.924362370856299354e-01
2.966608322854886737e-01
2.206929388932473701e-01
2.860461274242002139e-01
2.987318787795183450e-01
2.281619151876497775e-01
2.550707209444242896e-01
2.589320963219958749e-01
3.204000808971155800e-01
3.280323870316373958e-01
3.079923112041955124e-01
3.231579875413321812e-01
2.257913943789734701e-01
1.765490213739305259e-01
2.864952191085956557e-01
2.550373177729976515e-01
2.719168237992229398e-01
3.269594739741735756e-01
2.231983531128582388e-01
2.040917075787115342e-01
1.636949009431070134e-01
2.198873937983849558e-01
2.710836254123118461e-01
3.045360512082351256e-01
1.020996442307979674e-01
8.226099473758449743e-02
9.424213022644696569e-02
1.178190176977043646e-01
1.185698435106357224e-01
1.320921477689116497e-01
1.046601238065774653e-01
1.053471657458223965e-01
1.081846892049623948e-01
7.853408692181014505e-02
1.220543118773921576e-01
9.104732211465364766e-02
1.096090887411612091e-01
9.814772769934833330e-02
1.049881209835773765e-01
1.128178232595692387e-01
1.167107110558860544e-01
7.369912422452624956e-02
1.019483437354060801e-01
8.564635508316796597e-02
9.284349351429635466e-02
9.635993219431526757e-02
1.022649510032209996e-01
8.827041535074191259e-02
9.449763367726730923e-02
1.087659408460115024e-01
9.425054876987282171e-02
9.338999891681253052e-02
9.182447391780258761e-02
7.998832762837204680e-02
1.351979535310935954e-01
1.166636282964590293e-01
1.028514901154646000e-01
9.489063067033123855e-02
1.010114527988680427e-01
9.920416805912746216e-02
8.774052852625105481e-02
1.138440838854435644e-01
8.749560059074108775e-02
9.264301528593446577e-02
1.052661690952774592e-01
9.391512415529179592e-02
1.097298495774684662e-01
8.481898502796665629e-02
8.882066939295862884e-02
1.267014738600146517e-01
9.864722095216289788e-02
1.906140016803747061e-01
1.153558710148668842e-01
1.125257045587631649e-01
1.134414138612980238e-01
1.153333588514448838e-01
1.353828470814618101e-01
1.508646315618154266e-01
1.186387306101202854e-01
1.512185531326425414e-01
1.634148591380228388e-01
1.721878063781635548e-01
1.547011682407528899e-01
8.780932061459947868e-02
1.209723664757256789e-01
1.306827790085839380e-01
1.338832388240660531e-01
9.469626333055479461e-02
1.039640673396572956e-01
9.930270685065817338e-02
1.078753836385260151e-01
1.467641798865839675e-01
1.356225478752564051e-01
1.106223444177660414e-01
1.062439338230618674e-01
1.183537323129631863e-01
1.063017863609726776e-01
1.472209568459956208e-01
1.405498717510247630e-01
1.468237320039119387e-01
1.757612533449658954e-01
1.616301033019209021e-01
1.147588669262312316e-01
1.171762824040274292e-01
1.133697164585316525e-01
1.806075695600338482e-01
1.768653968804586862e-01
1.371499211212446334e-01
1.284561755568289498e-01
1.090644026076780515e-01
1.603229234129595893e-01
2.126678744611471272e-01
1.724897310118885807e-01
1.730735091079824428e-01
1.117156753686346649e-01
1.382099459360821847e-01
1.581057857436064806e-01
1.610027060467014715e-01
1.544978747167311262e-01
9.842633602464946618e-02
9.602745871474419048e-02
1.079844712439536614e-01
8.425117213997083965e-02
1.845494503611323778e-01
1.821452124822139917e-01
1.700933307600554223e-01
1.761072723603804846e-01
9.533200231902569377e-02
1.011140345537842183e-01
1.336428371444378649e-01
1.534546223283872746e-01
1.395026705789019494e-01
1.496034775771723779e-01
1.581490577094804839e-01
1.490918463645995451e-01
1.029736923987343844e-01
1.697740485154228818e-01
1.409696672511409343e-01
9.502391837559119592e-02
1.635470128551574642e-01
1.804588981248612667e-01
1.652210774801352866e-01
1.472213943441999517e-01
1.378981259033017215e-01
1.540237750112920800e-01
1.760863285883969009e-01
1.631859000900797718e-01
1.096010094105925592e-01
1.081639560464655037e-01
1.645454924744788050e-01
1.520624835503363304e-01
1.549781635812514935e-01
1.478646369801991378e-01
1.516547500238612234e-01
1.118127635714415702e-01
1.109070599181932043e-01
1.552663942869608737e-01
1.317125266543215378e-01
9.769920244900835715e-02
1.415023640102075209e-01
1.580869526643346179e-01
1.570460464512951904e-01
1.501918022116858487e-01
7.994772069186975583e-02
1.105655073507088859e-01
1.639143908606125744e-01
1.520917595847238735e-01
1.631205894923827837e-01
9.970047604715613632e-02
1.472149700984070886e-01
1.310701879066218378e-01
1.008611334787242880e-01
1.530656664117248655e-01
1.550013697377293220e-01
1.340236373445425344e-01
1.399335154338344489e-01
9.974838133349057945e-02
1.517170563055651455e-01
8.377305253038029587e-02
9.372106011463653130e-02
1.172930172137696403e-01
1.387310135993176374e-01
1.121298026175713558e-01
1.595271053553743990e-01
1.662193173791247092e-01
1.335777962607655744e-01
1.403102159289576212e-01
9.373218720509594870e-02
1.499553667723920181e-01
1.609042570682337470e-01
1.549995473638262344e-01
9.805364088046272797e-02
1.051077333450962104e-01
1.600457391408316443e-01
1.453928519705721678e-01
1.651805128802664169e-01
1.812365895003474892e-01
1.594280329665717366e-01
1.279906124968651360e-01
1.592274616272321419e-01
1.606999967487602043e-01
1.542302520992198667e-01
1.481524217510197527e-01
1.491710682309558555e-01
1.393775450074095645e-01
1.356232861572731208e-01
1.397547464706731801e-01
1.316874369334559147e-01
1.649506513944875574e-01
8.767052112812362408e-02
8.563982969335889872e-02
9.566880634938534911e-02
1.008359761634242818e-01
1.141235616401313768e-01
1.395611242668391150e-01
9.872726447300744779e-02
1.216419976123327140e-01
1.360675296251192268e-01
1.514550981391612205e-01
1.223809744571755370e-01
1.309030707972010654e-01
9.379212032849709724e-02
1.323682394621742975e-01
1.267112096042154468e-01
1.516421094802282987e-01
1.182921450013356274e-01
1.564332921386684672e-01
1.312676434253015056e-01
1.447185448325013224e-01
1.709601623964529804e-01
1.127311755286079381e-01
9.045812124558906542e-02
1.778265602038632820e-01
1.057881641126414279e-01
1.146595814803198499e-01
8.401706761837943183e-02
1.493231925356313938e-01
1.464537298090999584e-01
1.569323815107177000e-01
1.838815526606544792e-01
1.995136999825107005e-01
1.640492496752469775e-01
1.400027318439692747e-01
1.768981409678674899e-01
1.626582476900187146e-01
1.559808313165936822e-01
1.936744948116684850e-01
1.623388718616466941e-01
1.458901410068303983e-01
1.228641103258955175e-01
1.471120863745265794e-01
1.020925202307283453e-01
1.205513651813877318e-01
1.127331736865898187e-01
1.433512417023234120e-01
1.527949316933133461e-01
1.588608061505580316e-01
1.094782463469713557e-01
1.418609091844240389e-01
1.077510709934519362e-01
1.430975174830238228e-01
1.263535666706833704e-01
1.594055250205881347e-01
9.502451265162951966e-02
1.324529772902192648e-01
1.234302495076883832e-01
9.485332304670354708e-02
1.344177789831405567e-01
1.571454850326891306e-01
1.510457387537138541e-01
1.846401102951300832e-01
1.549534490555236343e-01
9.099811164340078362e-02
9.544734195334381166e-02
1.207396130118146838e-01
2.025030102175223723e-01
9.137303826200131318e-02
1.625487099240339739e-01
1.031292007801743044e-01
1.930749193195106239e-01
1.418347765341975708e-01
1.819554146662465399e-01
1.348441486327632555e-01
1.261294344746454743e-01
1.303053032276897116e-01
1.690723364518400551e-01
1.642472060326332917e-01
1.543942140203751756e-01
1.467657093148597436e-01
1.686602838642469460e-01
1.804519651087306831e-01
1.309603956474897635e-01
1.420066753814757110e-01
1.443839990850933896e-01
1.444291444895453302e-01
1.717451077673396442e-01
1.496421539482401253e-01
1.420621572395656118e-01
1.037996813282078962e-01
9.356792429474655726e-02
1.468220397714591063e-01
1.436299102065095035e-01
1.347067353469143247e-01
8.729965665525778185e-02
1.182327005067546066e-01
6.120681212024805390e-02
1.317529161919219483e-01
1.219043621794564658e-01
1.756321022950576849e-01
8.381628503579917344e-02
8.962807654462812135e-02
9.239101829417409317e-02
1.416478060691280239e-01
1.015297028768077370e-01
1.183108191492477090e-01
1.049212735106628547e-01
1.279918234993827064e-01
1.123279727205648004e-01
9.839515502820005144e-02
1.331472412219503743e-01
1.276146515789614577e-01
1.202862084718925167e-01
1.261563320231976482e-01
9.044704301548668612e-02
1.248007867067807836e-01
7.824142456730019679e-02
9.892860729837886502e-02
1.398865176383561060e-01
1.503765258145062789e-01
1.423515834516826950e-01
1.096573482180151771e-01
8.355233824622196326e-02
1.235725122867053216e-01
6.835640234279437288e-02
1.204856827896913368e-01
9.478986421394923478e-02
1.036488389670250643e-01
1.153118844980459273e-01
6.762051319591469434e-02
1.162005097562044398e-01
1.291280182094004803e-01
1.317632832737420934e-01
1.000425693888641610e-01
1.511345858441000556e-01
1.228806123522491606e-01
1.239466669521391007e-01
9.592306570537036114e-02
4.711056631632023345e-02
7.880926086263206898e-02
1.260833928297200590e-01
1.002976004256763837e-01
1.242887994450656147e-01
1.147827714310793723e-01
1.240934901348876296e-01
1.316565369886939785e-01
1.263441164702947261e-01
1.020759480125579266e-01
1.198401489508224976e-01
1.338510419162350362e-01
1.370955018660951485e-01
1.147697495202635587e-01
1.376636903713050197e-01
1.137729510159554008e-01
1.455464709484584895e-01
1.176853785103441907e-01
1.217354815873865209e-01
9.240717311733363803e-02
1.585825052037663496e-01
1.015265940619877738e-01
1.254245620611487422e-01
1.407187421580858300e-01
1.356996107101234861e-01
9.274656967009048403e-02
9.122802521797510056e-02
1.336777931479469494e-01
1.129464927159097576e-01
1.418984073358536824e-01
1.298619531604952304e-01
1.215643003855099574e-01
1.303705145591658732e-01
7.816585767131307982e-02
1.033817068508765952e-01
1.210161410366098617e-01
1.429590936308107463e-01
1.288535390268185088e-01
8.201182349205973776e-02
8.957101536694592192e-02
1.170217070361992823e-01
6.478110126322751683e-02
7.171514445737023347e-02
1.181364792647279227e-01
1.279385165758225307e-01
7.948917558288551288e-02
9.765375713934591750e-02
1.016282239117089342e-01
8.286174999727521917e-02
9.346766896770926369e-02
1.070026720783589236e-01
1.911332167168812712e-01
5.859524027831419790e-02
4.030055287425203525e-02
5.950645511675387023e-02
1.742246579581881727e-01
1.724671578012730577e-01
1.625986328315677243e-01
1.525899444147267026e-01
1.531381778155113949e-01
1.330187826780081239e-01
1.065457452329942600e-01
9.064618016276768109e-02
9.668269304863684466e-02
1.137453924621921741e-01
1.124891665467640106e-01
1.239089329717349974e-01
1.360901756482619240e-01
1.020901691946208695e-01
8.281253602596307106e-02
1.529009325750401438e-01
1.032197064574995049e-01
1.412042611930700298e-01
1.171534153555804231e-01
1.396484774499097969e-01
8.104097741551442857e-02
9.090630503041188804e-02
9.328922516275750532e-02
1.678450566935909549e-01
9.296568714232883446e-02
8.781457565151792877e-02
1.384339411827887334e-01
1.569432415104624889e-01
1.358214740180195557e-01
9.272428301171707632e-02
1.515824370438777491e-01
7.525004625186643148e-02
9.253090366805663547e-02
1.659857108263312897e-01
1.448119258053016667e-01
1.196768829470634815e-01
1.134150616279423901e-01
1.040366327094204291e-01
9.266986915412173120e-02
1.423006818829282705e-01
8.035197959748276164e-02
8.225285302185186831e-02
4.184644802788569512e-02
5.687004078178581334e-02
1.095349635408940925e-01
1.644946744464134691e-01
9.594587216971463273e-02
1.892303169359700055e-01
1.412117035316874936e-01
1.457572825220659063e-01
1.220619692121254901e-01
1.098129254978075647e-01
1.092772279569160926e-01
8.274972899978566554e-02
1.360626391501033594e-01
1.455056167196240591e-01
6.233097429611371421e-02
1.208200554681500422e-01
9.865325030126539940e-02
9.838165056950014253e-02
9.799505208976488912e-02
1.446925703334595303e-01
1.195095908746132418e-01
1.298581664038507555e-01
9.144865147092152979e-02
1.176485250841084601e-01
9.060387211464050738e-02
1.141986420503195432e-01
1.135618847293427686e-01
9.119428587367919836e-02
1.199151855814657996e-01
9.320242972438376461e-02
1.266975572477938017e-01
1.148228040564911734e-01
1.390167266106682731e-01
8.067809055699896870e-02
1.099130048771264911e-01
1.286817593011822802e-01
4.530156900358624922e-02
1.302746660599143624e-01
1.620697716125166499e-01
1.310419699812163663e-01
1.831310790516355314e-01
1.243023239732827523e-01
1.652475250302473386e-01
1.274090292554515835e-01
1.121011687850118066e-01
8.899097446581870352e-02
1.611655216424376647e-01
1.332693872535966884e-01
1.964026369295977237e-01
7.215912089346086800e-02
1.093483904680039864e-01
1.063689825602975592e-01
1.724177412793672926e-01
6.495007345312950320e-02
7.371919154089516535e-02
8.217325899294732061e-02
1.093533143592643614e-01
1.414216670976077006e-01
1.369879451993032959e-01
1.664054455106071806e-01
1.497096779391351995e-01
1.460440658974491435e-01
1.508416008217159099e-01
1.347239263660766628e-01
1.925626187509679454e-01
1.336524479134037768e-01
1.355402461309958839e-01
1.386099050500206598e-01
1.393017398513173022e-01
1.301556393088767472e-01
1.460961206534722445e-01
1.184369768087907282e-01
1.353459888529838506e-01
1.286571567060383059e-01
1.531889021013398688e-01
1.557810820967220344e-01
8.846695470846728526e-02
1.421544263685597942e-01
1.552103023309575058e-01
1.170146743637004161e-01
8.761265480160469743e-02
9.678561768330039283e-02
8.168891018764812273e-02
1.303868509142486753e-01
1.392994912448900502e-01
1.233934233732674468e-01
1.328199411524451645e-01
1.706113081475328364e-01
9.121419887666591675e-02
1.063767836815139867e-01
1.130685338245363131e-01
1.556091795234790798e-01
1.408142205154181148e-01
1.356933259539843672e-01
6.050244356928852207e-02
1.304764285087204878e-01
9.357583383514517239e-02
1.082774807247315063e-01
1.148061016565134901e-01
1.445590579228091810e-01
1.161109546513445917e-01
1.174824175248782299e-01
1.258104576442597156e-01
1.244907305833584804e-01
9.230889503619914283e-02
9.032920107103804830e-02
9.155252051743116570e-02
1.272159678987571652e-01
7.735118373313831786e-02
1.182870824721498765e-01
8.453855790892962629e-02
1.212031856481164266e-01
8.430010228465764643e-02
9.006870301747216256e-02
1.396721936684175158e-01
1.171155824604959012e-01
1.352616232751519820e-01
1.369421948427198832e-01
1.263515349828222278e-01
1.346836074873104527e-01
1.447147602815147260e-01
1.438168562573530485e-01
1.333069239173220732e-01
1.151053298996588814e-01
1.445268699098171405e-01
1.371200049840451962e-01
1.338009041643329344e-01
5.577873962048614936e-02
1.195503520969439376e-01
1.405662849822567617e-01
1.080319810230527394e-01
1.219235847911279841e-01
7.810144329961360432e-02
9.018196581870323303e-02
7.245998046001603243e-02
5.898814871062438292e-02
2.030868797204733456e-01
2.034972132245070064e-01
2.019461875247064997e-01
2.032240266249440708e-01
1.801152545799901972e-01
1.888488372331164067e-01
1.954661861098404840e-01
1.009626439334698200e-01
9.749012693627885640e-02
1.891278186374194537e-01
1.841944214373613387e-01
1.979191019347130154e-01
1.935589578107082265e-01
1.777299181689724616e-01
1.127881650595398966e-01
9.836303148988242984e-02
1.079437633328718948e-01
1.081302861536730386e-01
8.555380003924882570e-02
1.658939113961286904e-01
1.701251684071641290e-01
1.269606669084653583e-01
7.157198339857012703e-02
1.179604029748765465e-01
5.735069325697377679e-02
9.467792588998988346e-02
1.015369503836342086e-01
9.557923081653457720e-02
8.787272980621926854e-02
1.049000439426021614e-01
1.509318677603621039e-01
1.332736061050134035e-01
8.132247135452881637e-02
9.758472545827998057e-02
1.422605193346074548e-01
1.018300600975178410e-01
8.934335059587963923e-02
1.233302517565860318e-01
1.169576059648947258e-01
1.654044667594489759e-01
1.465592953893302963e-01
1.750508896944383830e-01
1.408636352283312576e-01
1.765670092091172205e-01
1.051550626126207949e-01
1.248266442795408493e-01
1.024895277683199324e-01
2.010734388389923688e-01
1.812173219993701012e-01
1.740224115460529963e-01
1.981112202297888314e-01
1.727854126563283799e-01
9.556994430356401116e-02
2.361136509630157310e-01
1.046055458741510097e-01
1.352344672639428924e-01
1.267453440469852866e-01
9.988352503507462454e-02
1.652912058094795356e-01
1.502720021358809332e-01
8.829097185765578948e-02
2.372643198016380905e-01
1.179915351549976760e-01
1.433874851317627208e-01
2.133604661582492179e-01
1.407978150641275850e-01
1.162320992240339634e-01
1.464738869744917071e-01
1.525252990147044074e-01
1.972634549271659044e-01
1.661463733064154624e-01
1.547824167854333910e-01
2.000940403170964887e-01
1.921000096110848931e-01
1.974410412491936773e-01
1.328362378697671153e-01
1.374712089794517533e-01
1.468865995181120598e-01
9.980581011388410528e-02
1.794602139294069199e-01
1.630741808205804499e-01
1.039128308173426080e-01
1.031631982890721527e-01
1.503075936296800474e-01
1.136520100955373952e-01
1.212924685972279620e-01
1.198507100329690989e-01
1.287033688597164216e-01
1.314103952382153218e-01
1.043268302205916376e-01
1.155117818146306624e-01
1.332007042231789784e-01
1.100095878984832937e-01
8.869587007954631008e-02
1.120504566594114348e-01
1.146503100794095120e-01
1.111123628321551565e-01
1.110966239254933957e-01
1.245328038715765029e-01
1.272682040813070681e-01
1.221575457472923731e-01
1.029100090539020046e-01
1.182315502337380336e-01
1.169878472540753084e-01
1.172631091169154122e-01
1.020975295647694459e-01
1.162347068933080596e-01
1.036936269188486193e-01
1.059538250864709985e-01
1.187954382012940818e-01
1.157970114420065755e-01
1.451987178900669417e-01
1.071944368595793007e-01
8.975218131145060174e-02
1.079501437299615341e-01
1.169533477467385174e-01
1.146006037065690764e-01
1.103551500034570532e-01
1.238100426681262300e-01
1.115028127043369011e-01
1.158654985893305678e-01
1.180395124170203341e-01
1.054952301535515280e-01
1.355178139976511154e-01
1.102019783185951701e-01
1.255927493802118655e-01
1.186585889089026846e-01
1.011575470577735641e-01
1.096327552012678758e-01
9.662415214672571973e-02
1.154302691996329094e-01
1.329939672183940713e-01
1.519253908681447163e-01
1.939628610122134944e-01
1.481542472331889015e-01
2.755113043390277627e-01
1.762403489456641770e-01
2.688155716418459407e-01
2.745062274558264237e-01
2.222880602529024308e-01
2.051096253692276106e-01
2.142495761321690784e-01
1.679121466270467045e-01
2.344809842283755441e-01
1.804337280994147141e-01
1.015546882302966192e-01
9.693996724294426381e-02
1.083706887087791670e-01
2.171654644042810556e-01
1.535058299438290530e-01
1.424751556460139568e-01
1.479136826461568688e-01
1.419986918618868776e-01
2.367598202358451032e-01
1.676119080164744923e-01
1.714799100352361327e-01
8.754045574360362625e-02
2.210964822111478323e-01
1.002658225090558852e-01
2.746199189653583672e-01
1.348318907906239372e-01
1.365204364551874106e-01
1.143877850501549415e-01
1.645355378756273024e-01
1.286932922762620557e-01
1.095184966153218420e-01
1.432893571120292531e-01
1.275365412997817305e-01
9.007571399743125040e-02
1.174425039200898552e-01
1.191981181913697452e-01
1.132916473014736330e-01
1.271452119748253951e-01
1.166272442158311912e-01
8.096544069013966727e-02
5.842014029676556586e-02
7.425059109045367700e-02
7.243551470236685164e-02
9.911448726650579077e-02
9.009817119680790798e-02
7.982449351891791889e-02
9.970009414035828355e-02
7.255120143866307381e-02
7.396860767062049535e-02
1.941787983673621543e-01
9.102896986095704301e-02
9.786942458106039078e-02
1.025762455991588717e-01
9.991477545776938918e-02
1.305080028093575373e-01
1.352668381408857479e-01
9.173151915556722324e-02
1.181661715311774913e-01
1.216540281251816957e-01
1.087706993187252946e-01
1.552281493727873940e-01
1.071508049475023289e-01
1.127054833834503361e-01
1.181441914341685856e-01
9.816849307652233958e-02
1.298109298476107509e-01
1.525232640978776422e-01
9.154563740110266412e-02
1.286259652216807658e-01
8.571223670188653221e-02
8.676792822745089950e-02
1.401610227303580203e-01
8.157436462436108704e-02
1.012570749189488362e-01
1.162396910207694339e-01
8.207461702622577404e-02
1.048895138260520360e-01
1.227056112713034858e-01
9.831250079144407406e-02
1.050473103344114895e-01
1.367488829051976551e-01
1.035922149366954870e-01
1.138380874399763099e-01
1.928605070873135041e-01
9.827992329574290753e-02
1.010857144329468382e-01
1.594340970338955221e-01
1.020065648234965983e-01
1.238222729911050563e-01
1.437745483433619520e-01
1.025437186678897633e-01
1.371307308860289786e-01
1.328053030681159985e-01
9.930407450865634533e-02
1.613320777898336333e-01
8.617683512118089195e-02
7.489261610248411360e-02
8.770568412289451998e-02
8.628705352720124344e-02
1.250645164488217720e-01
1.413292902992704381e-01
9.701307340198954410e-02
1.120967579792200991e-01
1.780753261615370363e-03
3.427168602922269804e-03
1.586139688504829837e-03
1.125206255227904255e-03
3.528886456336718155e-03
3.488614117858406319e-03
2.922385997781344093e-03
1.522844709189519804e-03
1.584352524488442720e-03
1.682877559764570140e-03
2.003500786596541447e-03
1.754130176330121523e-03
2.171940267194791708e-03
2.081219099402879195e-03
1.601931249900101278e-03
1.227739362918228716e-03
2.274900442314839975e-03
2.261495119815860010e-03
2.470699299041332741e-03
1.808125470583246469e-03
1.628087135495885629e-03
2.347703599495265525e-03
1.757720524031654167e-03
1.770230464164510671e-03
1.965798387209102827e-03
1.867227373527112618e-03
1.571203148855708541e-03
3.110222769409324173e-03
2.536986749915003982e-03
3.141636698268580278e-03
3.891772025935733535e-03
1.500298650476639736e-03
3.891450354556241862e-03
3.426888874141957933e-03
2.621684310929007361e-03
2.925988680299369381e-03
2.098487946128290305e-03
2.078380465610301514e-03
1.837089625401681480e-03
2.233025165384590598e-03
4.528316456260839118e-03
3.856369792288622412e-03
4.898698578247095980e-03
3.721171367454613292e-03
4.403823917131166436e-03
4.475871103316948936e-03
3.431175558102024948e-03
4.429069022154562794e-03
1.687350005008004866e-03
1.390181691505956978e-03
3.345315555979515212e-03
2.451631294973180119e-03
2.862991944908094104e-03
2.973102430989968143e-03
3.011773911987058062e-03
3.290181728785501226e-03
2.559145521655474542e-03
4.921400027429011573e-03
6.281062004975941984e-03
6.622212478732751074e-03
3.241659500290833967e-03
3.872960789372043369e-03
4.609279199837054003e-03
2.924284702626160463e-03
4.043972843026133988e-03
2.458242179677076408e-03
1.857452286135507754e-03
3.266416910687506159e-03
3.030328664595601743e-03
3.829209434175971736e-03
4.626671233541100256e-03
4.950988218023542713e-03
4.426309730259215744e-03
3.119537964271968614e-03
4.729767291063483384e-03
4.560661685067020181e-03
4.353298256602015914e-03
4.920454974727379860e-03
3.901173006163171936e-03
5.237336705681844111e-03
2.113140063269855397e-03
4.988505598136334582e-03
4.894030852094766876e-03
4.863618033542019964e-03
3.782209353649709262e-03
6.143609808168206364e-03
2.765384308384523284e-03
4.590801211036261639e-03
2.560765505200433140e-03
3.941997361582099367e-03
3.415240677935246511e-03
2.143965679342006540e-03
3.458722483915172268e-03
2.851949176550506743e-03
4.182490912803669102e-03
2.572841052239710578e-03
5.443120966435297317e-03
2.557040000895231813e-03
4.785136977052146384e-03
3.920207259720965426e-03
3.832129554457331267e-03
4.084863322056474580e-03
3.941180738631755442e-03
2.739144012238358111e-03
5.397265911153891968e-03
4.056213247616808487e-03
2.500915402348675900e-03
2.544751499693209164e-03
2.732835961443198791e-03
5.203483711275584504e-03
5.421321784354038095e-03
4.698404137337066841e-03
5.632476261440701529e-03
2.856536746612698980e-03
1.965087009873341204e-03
3.933342058285588423e-03
3.124095912168887209e-03
4.587070527018982657e-03
5.341773159600127566e-03
2.868546519168777877e-03
1.915992046622914556e-03
1.174795469898713435e-03
2.472729703025080758e-03
3.904800149409729752e-03
3.703079486563442494e-03
6.481297238687025019e-04
3.468035798453294728e-05
5.375033065037728222e-04
5.126229979121885914e-05
1.983406034948492292e-04
1.031422910851994244e-03
1.898844783208507281e-04
2.795129948589701306e-05
3.568691421717551642e-04
7.056132631462809241e-04
3.318293099233756566e-04
1.090269750209391049e-04
5.754671859134616796e-04
1.581030309840565889e-04
4.309615554497552513e-04
1.177438166155360708e-04
6.572561920301140835e-04
3.815988573530324960e-05
6.635952756976180606e-04
5.002147276063042191e-05
3.761065726594816500e-04
1.636743849038170898e-04
1.854756504329978489e-04
1.904445219035242579e-04
6.868465910266467484e-04
8.442982352453463142e-05
1.862260846958524658e-04
8.874894025303103125e-05
2.668115739062392811e-05
1.203519276210275173e-04
3.589975612707875020e-04
2.887759819372896298e-04
3.696378097704907588e-04
3.071417155873135043e-04
1.534372772543671714e-04
4.418035598080238282e-04
1.371538432732368764e-04
6.125572453678450845e-04
1.244298856549403743e-04
5.833232598745429582e-04
1.657193294736590929e-04
2.285557017249812599e-04
4.448479970618723065e-04
1.428715448126021315e-04
7.560028455348692016e-04
2.433487229206189584e-04
2.716102134000668062e-04
2.997532711450146318e-04
4.703698153639049697e-04
4.080315902156468068e-04
2.040748530261812918e-04
1.349400182694372383e-04
9.389564320442117269e-04
3.492328313007762560e-04
3.945497838988479126e-04
3.879064104019930249e-05
8.576445035926364129e-04
3.962016052686951327e-04
5.192850999382207572e-04
2.892384028597926558e-04
8.252159857722481378e-04
4.997154650969472516e-04
4.559723187414415702e-04
1.527863059052512410e-04
1.258101908116268511e-04
1.923851007973887957e-04
7.637222591983334682e-04
3.120228488802061608e-04
3.007763061821613795e-04
2.212274858285230019e-04
2.465472897876360087e-04
2.436311786915523444e-04
2.274288651280371933e-04
1.899422612400767632e-04
9.135726508795471729e-04
5.902449139678158947e-04
1.866160146321546901e-04
4.065719722725463759e-04
3.542852381710261144e-04
9.140548668486061070e-04
3.181663558898057060e-05
1.316200594590972387e-03
6.268577035189888116e-04
5.178452891231535458e-04
1.518449322325293629e-04
2.685163564647964304e-04
9.473102799337663072e-04
2.832594464066348085e-04
4.658031605740825531e-04
7.896077398415261004e-05
7.335763850771857397e-04
1.216580208965714128e-04
5.272174001759404168e-04
5.749252208282369919e-04
2.673362092150444484e-04
5.009554946337773816e-04
4.187407352774095070e-04
1.206737666556722838e-03
1.339508699572067264e-04
1.488820452736591454e-04
7.418549919035717730e-04
6.758430597050597713e-04
2.014311373962852838e-04
4.870663887885739551e-04
5.878880340889080808e-04
6.225116030411025850e-04
6.614254166159886598e-04
1.212907279429116178e-03
4.659719666128513127e-04
2.503905677370759156e-03
4.097987044905916724e-05
8.498780261278271800e-05
4.219866510559500995e-04
1.749115555516073009e-04
2.687307434554032080e-04
3.407121553013438471e-04
5.478322597240531866e-04
4.022199941152238348e-04
2.343702580319604570e-04
6.155328163094032261e-04
6.150636244418735104e-05
1.063659244628010179e-04
9.391192058303362059e-05
4.114130143075044673e-04
4.287171927251709003e-04
3.873491335801314880e-04
1.463332992801916763e-03
2.551085892024263619e-04
2.302049449081773852e-04
2.485706034072560056e-04
4.559335378075601505e-04
4.357788985986895997e-04
1.694722445794086393e-04
3.018689463103625399e-04
1.585338379184063264e-04
1.103468121977477814e-04
8.769114287499723138e-05
7.280061453235147327e-04
1.707189662229329765e-04
1.935271996790260797e-05
1.045479588478629253e-04
1.644065579902461284e-04
1.831009196965298759e-04
1.782951709440918622e-04
3.071599940691526138e-04
2.351035549697961808e-04
5.584856264379394484e-04
5.166871139438160201e-04
1.674977883306513944e-04
1.098235175854970483e-03
3.565483751931467084e-05
1.576821009557607858e-04
7.200624182286873779e-05
4.054646506202076858e-04
3.750537836213951241e-05
1.098225968465949671e-04
1.246773654551155367e-04
3.738905693173632042e-04
1.906467056027895933e-04
1.758389318414526801e-04
7.570835422093372992e-04
7.543526905730844109e-04
4.591250992315976088e-04
5.555671051194307130e-04
2.581040223948557122e-04
1.090651556100569717e-04
1.470346933867462561e-04
2.115757709210104121e-04
5.885946678958108242e-04
3.656707978384233799e-04
7.814178966524907980e-05
8.168158290525663493e-05
4.820397075473898969e-04
2.452263565946505904e-04
6.644792532172220847e-04
4.130495160499903602e-04
7.234521397038726816e-04
1.455003229248476391e-03
1.500298402032089863e-03
1.353509118665283681e-03
1.850308638348559232e-04
5.554875225288674135e-04
6.546789995397245439e-04
6.316291711167588713e-04
6.184478735565909378e-04
1.622243149276878069e-04
5.734231100485799376e-04
5.349860007572984025e-04
9.671160418433419846e-05
2.904102527080366317e-04
9.664592221184872562e-04
4.167505725942685689e-04
4.837540418193653842e-04
7.510647987366003697e-04
6.024605862131250005e-04
3.487530513745366097e-04
9.205277122485809463e-04
4.800852727069304784e-05
1.174828337112937250e-04
2.724533361666555222e-04
7.480388858914464325e-05
5.374676658721819602e-04
5.370903884026599108e-04
3.785423959571958459e-04
9.096835127900610080e-05
2.079883079224565095e-04
1.147686890432298617e-03
4.506141809675440701e-04
4.270302614714063306e-04
5.298442418571584235e-05
1.591921500857217131e-04
7.629006272662365151e-04
6.960374871321819675e-04
5.931532091666975436e-04
1.360580601895891703e-04
6.493381829574055826e-04
1.022911588315986034e-03
8.297903681378185781e-04
2.473792011030712524e-04
3.555067841407035488e-04
3.431025180255768301e-04
7.881370301463884844e-04
2.293297763181009080e-04
1.441777704256246408e-03
1.954362865231476867e-04
6.395494431280608280e-04
4.290328785621515045e-04
5.227499626041564110e-04
6.661406369306270168e-04
7.466481700223741476e-04
7.201154817148049938e-04
4.215332864384508434e-04
2.180176597553212131e-04
7.642041544633174522e-05
1.660462677655574369e-04
4.683606566443704647e-05
1.031723295686937542e-04
3.905722488696515581e-04
3.269915654273180855e-04
8.545291363366468911e-05
1.307031817923569750e-03
6.567945053530534444e-05
5.218548000264225861e-04
5.501012929967586881e-04
2.333726420351114644e-04
7.104892976524490415e-04
1.454080744700006153e-04
4.693552136805784073e-04
1.017205979443740091e-04
2.780226363219317804e-04
1.029674644668018168e-04
3.957907635659204293e-04
2.939219584876132736e-04
1.802028633439146899e-04
1.481771451966327265e-04
6.217141708541822466e-04
7.879010171779702318e-04
5.435347798435647554e-04
2.887866549854760899e-04
8.588351505453316933e-04
4.269441151325746001e-04
3.146744398726117158e-03
9.959565252760026969e-04
5.308991712380427752e-04
3.364170988533526289e-04
4.285288667952844889e-04
2.832411169448129313e-04
3.672580819624359969e-04
1.677010371668962417e-04
4.741570621327419926e-04
4.738466306916188199e-04
1.505840491421933137e-03
1.904957439244088892e-03
6.443711419155634217e-04
2.320630317734387424e-04
5.811190077398481002e-04
8.631020769406799059e-05
9.345116150944279311e-04
2.237971036392542954e-04
1.372865797074844898e-04
2.692074116211913819e-04
2.722995668689066697e-05
2.614347290046162265e-04
1.560938999304641852e-04
4.434907552375711554e-04
1.506072487254514795e-05
3.841173737673669192e-05
1.183301689633818468e-04
4.139318528420187718e-04
4.265862694650215698e-05
6.643614016652086120e-04
6.749078591900235520e-05
1.380769040839059355e-03
1.093169995554708315e-04
3.720648434157765847e-04
1.107962169202907180e-04
2.975215237444793991e-04
4.299311105386530879e-04
4.369837422444713439e-04
2.354036384964026501e-05
5.634839689673273129e-04
3.294271823164112377e-05
2.949044148053339828e-04
9.787415731108060316e-05
2.340906667442442914e-04
6.287113320179919893e-04
4.358203995960833392e-04
2.216450671069505537e-04
2.185362216141860912e-04
1.203511379334818023e-05
3.586101515970858337e-04
1.007962079575270415e-04
2.029848055363482574e-04
3.364882126163876793e-04
3.769627257438900334e-05
2.157739511785167240e-04
4.236665353427963572e-04
4.230923295583186982e-04
3.397744270742897408e-05
2.037544799613926253e-04
3.198660275493194643e-04
7.683120177907693720e-05
2.477766309095164781e-04
1.246085943378983377e-05
3.724902789384557409e-05
9.210886194355947512e-04
4.976714207656607976e-04
2.282177803646007251e-04
3.939245785483669066e-04
2.984195013321549518e-04
2.975029718952080290e-04
2.804199507298611163e-04
4.353723178335969571e-04
8.737861150229800583e-05
2.403043718806879684e-04
3.385580750160758503e-04
3.331308197415185383e-04
2.232697078751979722e-04
4.013147571758884490e-04
1.502796141974957489e-04
3.718776706384332455e-04
2.220321597779977626e-04
4.266692550872338511e-05
3.923815117425160075e-04
4.928732221970447488e-05
1.185688129009963881e-04
5.639703722787340809e-05
8.668548161756012434e-05
1.810109969777630716e-04
7.135892551835816371e-05
2.157358592656890585e-04
2.420619171101388476e-04
3.159147855858254338e-04
1.226006543651797704e-04
7.752164106589981931e-05
8.152492684149797910e-04
4.527738661997812508e-05
3.998476786729363670e-04
1.079180244224075701e-04
3.440983156962566097e-04
1.410519107078592519e-04
4.839104154580774935e-04
2.345343260661585311e-04
4.978939108209901477e-04
4.981055269559357576e-05
1.213336325861314683e-03
1.540065298204833461e-04
5.865717304301463044e-04
1.232529492060017301e-03
6.441087380484096124e-04
8.685476431935897556e-04
2.591893698062796214e-04
7.959357879219000631e-05
2.560105550236899818e-05
2.707064505089778399e-04
9.792398453524666440e-06
1.341479655286128096e-05
5.191259073218372380e-05
1.680093865622367096e-03
3.350345440271555774e-04
5.125453650212778451e-04
8.380798374057018933e-04
3.039929410652944834e-04
5.195171211099459041e-04
1.106890930254328940e-04
6.476635121665745142e-05
1.227227418548371314e-04
9.888095792047489130e-05
1.651555663300602404e-04
3.652155316831738933e-04
1.632141202190134140e-04
1.694827610101865229e-04
2.980244708066496660e-05
9.868686301138975946e-04
3.794226962590423646e-04
8.456018497541781254e-04
2.817828704993593429e-04
3.163539930464215810e-04
1.181636332320645626e-04
1.669943561338441834e-04
6.340856137523897835e-05
9.532849869549522154e-04
3.162350595877592573e-04
4.540319143331018837e-04
1.522554495615861033e-04
6.675306250401994487e-04
5.479924474208685507e-04
1.779411520593058844e-04
6.384086587016311399e-04
2.006696010936763518e-04
6.552843215189970913e-04
5.459493521106298245e-04
5.076008440625113778e-04
6.753656207824784100e-04
1.336081612745587969e-04
1.183202167716690476e-04
4.565362044720654264e-05
3.473590144272901384e-04
9.154940425229311264e-05
1.286497960185016781e-04
9.706804365478446161e-06
1.360807761633044058e-05
5.665228135211896167e-04
4.691242495994109264e-04
3.168399157887434294e-05
4.813321228164837138e-04
1.514633433148047199e-03
1.062731475298263177e-04
4.084974982461182075e-04
1.262083035229899671e-04
4.381518116754408757e-05
1.568791025013414534e-05
4.089808667969986296e-04
4.390760336721091501e-05
1.428445007708276809e-05
8.491231733732584799e-04
1.074644502927753513e-03
2.078283497797226830e-03
1.049530697763465187e-03
2.925537566671224891e-04
2.768264317821319490e-04
4.895427626277723846e-04
4.381673628846413979e-05
2.148015077887640591e-04
4.163351249179258069e-05
3.677249347087021940e-04
3.968427045047174823e-04
1.362793267863547588e-04
4.926170111948586150e-04
1.500973118008338734e-04
4.768145800305089669e-04
5.649736066402560002e-05
3.093845444149791938e-04
1.186453675310550690e-04
6.558223271880583816e-05
1.806544883209987447e-04
2.300311980450077889e-05
2.059697379997652792e-03
1.279431459336815690e-03
1.380208859818532301e-03
2.841379436447725722e-04
3.459483252820920083e-04
2.087755248818256096e-03
5.163493557292128363e-04
1.043958950680830711e-03
4.280517325244412091e-04
5.187452882473539721e-04
3.619985980565476841e-04
5.810038368647499904e-04
3.090887542393445703e-05
1.058843846413125934e-04
2.928532993949698311e-05
9.042527394248277110e-04
1.547173762066724864e-05
6.039728853218470118e-05
1.329201727512541599e-04
4.800887077153854696e-04
1.028420015595730812e-03
2.036347945733592388e-04
2.459627025434746902e-04
2.460674519338973019e-04
1.977076259375976888e-04
3.358327446808891028e-04
2.447825071864171884e-04
3.058442393435931161e-04
2.420556196140345316e-04
3.112352884709296361e-04
8.531564204636700541e-04
5.664288461180879255e-04
6.864301201243275035e-04
1.299230911242582002e-04
2.393713388769141287e-04
1.329998455354137197e-03
7.449461149394948989e-04
1.619449325797227485e-04
4.107398382326301971e-04
6.825011885703741762e-05
1.733683280992678042e-04
3.947593469210556910e-04
7.586346942932061259e-05
8.260410723147754662e-05
3.209745349083878950e-04
1.008840431989254126e-04
5.952065886424888442e-05
3.166408308027594105e-04
3.104449099046760713e-04
2.710679875429177735e-04
1.229637603922953751e-03
6.647442910261550965e-04
7.044115888782038516e-04
4.947533451991611509e-04
9.114297308370997728e-04
7.690402123992140168e-04
1.938416305758918661e-04
1.718681252703035993e-05
9.297342757504827634e-05
9.071605133394037082e-05
1.960130151689483001e-04
8.632870837403181364e-05
1.158322391661717205e-03
2.883904600456274289e-04
2.737406493497523724e-04
3.220360693791246695e-04
3.247593016567312633e-04
3.355675652718858259e-04
2.035700678956885873e-04
1.461460507260763813e-04
3.734386397242626292e-04
3.250399134244556234e-05
1.930531306535300648e-04
7.364135171954606105e-05
9.573754909152540327e-05
2.034962867033464253e-04
1.590292937209288569e-04
1.276386239721104309e-04
2.944546320399951396e-04
6.964445859053262650e-05
6.933710652176465223e-05
9.474577526593871458e-05
8.525862683607493791e-05
1.129528246594148507e-04
1.022188800137675753e-04
9.944402781200897563e-04
1.743243698854615947e-04
3.952211087207394588e-04
4.787624751433212618e-04
8.354128147392781627e-05
1.609228466058622802e-05
1.488778744257041584e-04
3.518922394966119663e-04
8.071985757397297278e-05
1.249824085959599809e-04
4.612873528833057505e-04
1.037847272742661679e-04
1.810739934922574212e-04
1.417713567837024679e-05
2.270743856193603843e-03
3.042565781655895505e-03
2.685735866121495997e-03
2.254358261086359273e-03
1.209827339770906413e-03
1.115081716091360876e-03
4.446575923242123514e-04
5.336883980116857197e-04
4.848694958535458544e-04
1.717329040746854319e-03
1.422933660850679008e-03
4.908269243956230694e-04
1.397355002800914313e-03
1.484365164417091997e-03
4.660087436545168327e-04
3.788893826511110304e-04
4.860172645605575353e-04
4.240143103699761488e-04
4.642695121268340598e-04
6.436341850506874717e-04
8.899482001232704919e-04
2.806480130865013790e-04
8.001879225562833484e-05
1.339780094578440508e-04
3.202910807489157328e-05
5.203732611819057198e-04
1.174210319863305894e-04
1.032303943488527579e-03
4.352301114919648493e-04
3.330339140399725568e-04
2.283436463247985777e-03
1.459213414023046535e-03
7.537258458298617828e-04
2.682739460216645132e-03
2.999644471372077967e-04
6.140137372761255178e-04
5.677976839235093364e-05
4.587708001216351801e-04
9.032796890674636746e-04
7.191184527980379240e-04
2.191517810921013204e-04
5.550195235800574767e-04
7.773031337600749780e-04
2.434746075242110125e-04
8.534322242838815302e-05
5.523253881668266927e-04
2.927749476201725837e-04
5.281370539051028499e-04
5.981231609698809716e-04
6.465228140196169725e-04
4.815375164898277752e-04
5.125086776866306145e-04
5.815898318459161693e-05
5.597409331920130075e-04
2.878958834877893094e-04
9.653305044045940497e-05
6.687858570728628504e-04
2.770359897159092367e-04
1.026085071031096436e-04
4.669191313125583675e-04
4.543271971785624612e-04
1.456282290144355577e-04
4.658948619818887617e-04
2.227969415729511851e-04
2.141076741454227825e-04
7.482328433684728650e-04
4.064212936667393268e-04
2.758631695214108499e-04
4.362184616181750984e-04
2.755226999266064693e-04
5.896464312611996968e-04
9.599938307654731469e-04
8.549998221537122474e-04
8.936646873900393803e-04
8.197484699646489289e-04
1.349134738053883731e-03
3.710995770777387906e-04
4.228436905889344029e-04
2.768156664553898696e-04
7.330555744665557399e-04
5.253046751713016634e-04
2.898901136994342037e-04
5.821112862257929151e-04
5.821323817048872779e-04
5.352638591718662624e-04
4.834110908567089806e-04
6.282801609431360379e-04
5.789654628063080040e-04
5.197951951893725652e-04
7.037434102855165538e-04
5.493371711550894525e-04
5.483566333682174171e-04
5.365321303694534517e-04
4.357554083722455564e-05
5.484715763305905928e-04
4.585712085950571998e-04
5.121414530797073527e-04
5.965498986766039824e-04
4.044695047543651152e-04
4.380814315144596310e-04
4.150708272940424300e-04
5.626210600441772236e-04
5.175104203342361644e-04
7.860715737152597100e-04
4.573771140360394227e-04
6.187655712365897846e-04
8.514868523668303688e-04
5.725739471601284806e-04
5.889982117966067023e-04
6.000359290762003698e-04
4.274207653762913408e-04
6.207687858919549778e-04
3.731378961678463680e-04
4.768157524475769645e-04
1.914611378683098424e-04
7.183144348900167469e-04
6.618850211222213455e-04
7.633115354484829940e-04
5.135094655698923096e-04
4.508250625815944960e-04
5.856480072358611353e-04
4.004805774619630545e-04
5.147987063848171894e-04
5.795116217630442643e-04
7.980084998706730732e-04
4.074942465384113750e-04
5.933162689514462742e-04
4.940401011317535314e-04
3.899602273933392522e-04
7.121515371348677856e-04
4.753380975185839824e-04
5.049892228577027367e-04
6.524430243832788712e-04
2.892425101273806733e-03
1.592601424568531286e-03
1.184800956464848905e-03
5.229438840963211059e-04
2.089021906572409524e-03
6.205623725970207949e-04
6.992208983395538585e-04
1.795229753530584900e-03
2.528022845550069410e-04
2.267893768126644748e-03
3.433587949535574506e-04
7.665244679125653377e-04
1.567126023716422772e-03
1.401242140721622965e-03
2.518351099020738927e-03
3.719154262310725781e-04
2.879990650897986792e-03
3.504798528862143256e-03
1.239812098256313534e-03
4.968682463786608817e-04
9.086850257736219568e-04
1.317251673449937929e-03
1.271112331381140433e-03
1.745766321590719056e-03
1.825340403615933159e-03
9.984794194129258636e-04
3.281998993745907992e-03
5.739701900890505255e-03
3.401503541537979989e-03
2.860140699184774479e-03
1.284521894826294716e-03
2.638793956379165920e-03
4.933253330119832802e-03
3.949053066721916298e-03
2.726719435143739895e-03
3.239986708629213289e-03
2.566949864287023254e-03
2.214338376080387204e-04
2.884268487357768561e-04
1.000491831286595169e-03
2.598349213195078576e-03
3.838377943054000797e-03
2.102085857492319403e-03
4.746562096274151155e-03
4.866476516431465088e-03
3.337252273526729665e-03
2.996270494004563481e-03
4.421800177848472096e-03
1.904546340709259867e-03
2.761891406269108892e-03
4.150490911449849357e-03
2.522771602950811282e-03
3.286641782427266942e-03
1.914028613627664433e-03
2.567471768486121950e-03
5.032098548126746722e-03
5.249674717112756510e-03
2.453088371909402116e-03
4.336917391094312346e-03
3.070884270720524410e-03
1.442357227953424380e-03
3.606775182794062871e-03
1.371161329047497881e-03
1.725995304372040726e-03
7.798895199706267498e-04
8.219131536492185275e-04
3.006187978487948227e-03
3.385641112050718528e-03
1.394114285510814110e-03
3.440971219264319508e-03
1.336649001641669957e-03
1.848473699777339969e-04
1.208057897219758786e-03
2.788610911670538501e-03
3.308743347645790468e-03
2.411655218641925707e-03
3.267644089301643875e-03
5.310702610831700803e-03
4.957305904629945997e-03
2.688471758062482148e-03
4.924998357940882539e-03
2.435420608024503782e-03
5.889912226115359478e-04
1.590633307284433293e-03
1.208205681521225911e-03
1.841564808204634689e-03
2.900910407652909292e-03
1.340474812217385282e-03
1.257817437599433952e-03
2.376054577294632077e-03
3.567446360024892436e-03
1.563808104517305482e-03
4.127815619423840302e-03
9.687828082762767017e-04
1.822467045876347404e-04
2.565863213429331107e-04
3.377510032357721771e-03
4.733877102986591527e-03
2.214629861260864353e-03
2.528488790830775174e-03
5.900869309319370024e-03
5.549972591275919957e-03
2.837162353491805549e-03
5.347556813786330694e-03
8.709531984398473934e-04
7.675669861642567260e-02
5.379508303294652238e-01
1.785462507538591481e+00
1.316091911373704182e+00
