1.902850635889151987e-01
3.585936951402481365e-01
1.899628672962339060e-01
2.157064175930955285e-01
1.803935291039348576e-01
2.624491858026587465e-01
2.847540275533758103e-01
2.212875214919135802e-01
2.125481615925036150e-01
2.338584476018106539e-01
2.202517185386951015e-01
2.247838247722540872e-01
2.046704470087123695e-01
2.053024754052468759e-01
2.490268810066322835e-01
1.266462027150220548e-01
2.959396312092086867e-01
2.850487257500218807e-01
2.951168569773933159e-01
1.931419416437815395e-01
2.159545539016786142e-01
2.031253937148912170e-01
1.997448782960478397e-01
1.983091510317889494e-01
2.023319181140555978e-01
2.043272231602032973e-01
1.260360373095723296e-01
1.945952726467936045e-01
2.998768781977349529e-01
1.823589778460012467e-01
3.117576724395483279e-01
1.908732282827617921e-01
2.519157387094526634e-01
2.898864311573970398e-01
3.234192978217337311e-01
3.245772554069443205e-01
1.835556637529106583e-01
1.789034414871260303e-01
2.635649308733338803e-01
2.418297708130971169e-01
3.762376690508696941e-01
3.629640120971639461e-01
3.979405658860334927e-01
3.644326108629462602e-01
3.907678819572487083e-01
3.751345578015276017e-01
2.267937848057228201e-01
3.750383195174348816e-01
1.898164351357702340e-01
2.022222987281191986e-01
2.704051705930756722e-01
2.406583637212688365e-01
2.329809476480832475e-01
2.156872230886053843e-01
1.983940055051137685e-01
2.411857118709164194e-01
2.023935802004527829e-01
2.461756809413435110e-01
3.046719864966923041e-01
3.246928067356509851e-01
2.589085221402829817e-01
2.253115376959658744e-01
1.894550876348002899e-01
2.236512264615805046e-01
2.830611077860924474e-01
1.596880592616034822e-01
1.913961123487529226e-01
2.480857574289317691e-01
2.539354207336254610e-01
2.258647126078906775e-01
3.333806268086663693e-01
3.856908977116952353e-01
3.068393758535009619e-01
2.128611482690618284e-01
3.724727131568416061e-01
3.678634517989133323e-01
3.760268910326530212e-01
3.857316558134843976e-01
3.533070076073229204e-01
3.565786990486879415e-01
2.583478290075737482e-01
3.539736633542831523e-01
3.220011442909651578e-01
3.587439175736821251e-01
3.758543704347011571e-01
3.824843806037787064e-01
2.823850966550611186e-01
4.028644455233812427e-01
2.853240275270341186e-01
3.289393694957597480e-01
3.108603806502739375e-01
2.710660048656983734e-01
3.144226880964698934e-01
2.877858015958082438e-01
3.406368870190971121e-01
2.701234932115372245e-01
3.811655698049934982e-01
2.978167462647317021e-01
3.854675526971655941e-01
3.744570249537429452e-01
3.799843005885716885e-01
3.263719256289505655e-01
3.393233549266693183e-01
2.780670625701627818e-01
3.078964620346449910e-01
3.472849768922501856e-01
2.384448959155116565e-01
3.152840024222544058e-01
2.995708241416199513e-01
3.753703935381815238e-01
3.984803917674656359e-01
3.782554421578402382e-01
3.833257198422728718e-01
2.114894708018473235e-01
2.184473349680762788e-01
3.363038029508413906e-01
2.889437348589747323e-01
3.585183303298157820e-01
3.804938449446963467e-01
2.431379409042842554e-01
2.015586137362359587e-01
1.797522746947588512e-01
1.921707589030807184e-01
3.398899379117751307e-01
3.724538600049949744e-01
2.499375460820175421e-01
7.365166774800427363e-02
2.441298944561646478e-01
1.142622456410583437e-01
1.108057290168641823e-01
2.878150549304569483e-01
1.080702332260162907e-01
1.038640083891296112e-01
9.531260369479843675e-02
2.229121733114135806e-01
1.322982207667812438e-01
9.036310586246970589e-02
2.691678818356957326e-01
1.004356358899752694e-01
2.755118939351386964e-01
9.775870283320961529e-02
2.730820199782291180e-01
7.016512681790917916e-02
2.450975274177116525e-01
8.643306520104750146e-02
2.462686572996913015e-01
1.013851045951418700e-01
1.138270070646895255e-01
8.701146864492295685e-02
2.214022820638666955e-01
1.046145068719133431e-01
9.414143056294464740e-02
8.063494421271621970e-02
6.768233067179839357e-02
9.884722518019124771e-02
1.405555487459193842e-01
1.171290554200324907e-01
1.186567457570367468e-01
1.042733230863179539e-01
9.753072150227247439e-02
2.538256083042896849e-01
9.273020061908743283e-02
2.720673485084670884e-01
9.153938197345237726e-02
2.427891478890253085e-01
1.054158318166233260e-01
8.711662050784423073e-02
2.608082115117160704e-01
8.744679532246187048e-02
2.258287763113379087e-01
1.604991944474369880e-01
1.201326404355620298e-01
1.906695847705831282e-01
3.020647197218151447e-01
2.984649777119638969e-01
1.517561799450354854e-01
1.273923782141146710e-01
2.451393422893491936e-01
1.684056058548466239e-01
1.651229213957951525e-01
1.600893865296575957e-01
1.501614755180043781e-01
1.718736702302600394e-01
1.435551262199093736e-01
1.107178324355189286e-01
1.634172617614480238e-01
1.124466413911573842e-01
1.126537188568846465e-01
1.104700084743602401e-01
1.218353216622158758e-01
9.521896071495709879e-02
1.459569482686435549e-01
2.320330884589215381e-01
2.622201121910524568e-01
1.974700366968468457e-01
1.321463081515604765e-01
1.439643005089795424e-01
2.608990286542548498e-01
1.344809102247074284e-01
1.345408820168630670e-01
1.385954023658561018e-01
1.818745395362396100e-01
1.550968996837303604e-01
1.019905257722547171e-01
1.617433735325407018e-01
1.336686143348124745e-01
2.248693601928808683e-01
2.125796071466778403e-01
1.525349512861097212e-01
1.493604051570519009e-01
1.461861453486881235e-01
1.726086141164139831e-01
1.999830644362888543e-01
1.990538856712617266e-01
1.840786621090583774e-01
1.530861733134517011e-01
1.824775095055269358e-01
1.973684816075321202e-01
2.015747641756192032e-01
1.904137931874138601e-01
1.303689711593912226e-01
1.220986444141497484e-01
1.511306818764550641e-01
1.042815404493015186e-01
2.015366498539365725e-01
1.723613508229508984e-01
1.808863988329376671e-01
1.679858069042416691e-01
1.250802641385128089e-01
1.022392211282813351e-01
1.172756401195857445e-01
1.715218954538682283e-01
2.416587864599346602e-01
2.512190962052483489e-01
2.057232624052523773e-01
1.598759979005247023e-01
1.221622545901037554e-01
1.967828086584787195e-01
1.599301681276000253e-01
1.254628340551132148e-01
1.671559627487716471e-01
2.011175315817445020e-01
1.843110150381701839e-01
2.713416302964954396e-01
1.680544153420424625e-01
1.469324181677351404e-01
2.114579220947298555e-01
1.594180555198831950e-01
1.026326795359644162e-01
1.065028759993142116e-01
1.639435571102268729e-01
2.505438610185501958e-01
1.516099206768640462e-01
1.680928833615939200e-01
1.480945356421181081e-01
1.066112183198425212e-01
1.078173056455230538e-01
1.542191283999308493e-01
1.672269309250768998e-01
1.039012944080453943e-01
2.188757339717812556e-01
1.401473937210863385e-01
3.119452703520735892e-01
1.260637956251173253e-01
7.410654372409788970e-02
1.325389902246518203e-01
1.428294859422940544e-01
1.618375937645029627e-01
1.461168533068948339e-01
1.161606706838300140e-01
1.403700779879913374e-01
1.148419744410190957e-01
9.441530806098466511e-02
1.421832474833554794e-01
2.737347377850506969e-01
1.165652576728129081e-01
1.227148787464928531e-01
1.069077550198440779e-01
1.408542073609886924e-01
9.806684801351459035e-02
9.126181899788653185e-02
1.060441761789414072e-01
1.234513046598330610e-01
1.019774334134247867e-01
1.562988107904088320e-01
1.934125495237286885e-01
2.724628996150435523e-01
1.630285726931192114e-01
1.152566497681066782e-01
1.905544061111623111e-01
1.910983934966871411e-01
2.190634336720476139e-01
1.235703832808898173e-01
1.062234782626251262e-01
1.841520236367914509e-01
2.321829071666074162e-01
2.187702996305463943e-01
3.346323133785527593e-01
2.374395489231858614e-01
3.111820178717028540e-01
2.107219666535069535e-01
2.300941487013258013e-01
1.975243206709590416e-01
1.985431644403613805e-01
1.957403504015339524e-01
1.712529986915502234e-01
1.667194411455045766e-01
1.815500345517097602e-01
1.725591880462069294e-01
2.163721809418072961e-01
1.065703645627541635e-01
1.128289427480482776e-01
1.258053525562578823e-01
1.111844320358383736e-01
1.237050364556876031e-01
1.792267588135374456e-01
9.881711029884937547e-02
1.052900972351009656e-01
2.423667535566389475e-01
1.763995396915363501e-01
1.219796129489603004e-01
1.623914400463207508e-01
1.028232752557096535e-01
1.309490582008581150e-01
1.117407251615765013e-01
1.739323518013341507e-01
1.531329848455119103e-01
2.917314546033875633e-01
1.461053615819185858e-01
1.534812724469888368e-01
1.660666743122992672e-01
1.687333843878034145e-01
1.158400915751211929e-01
2.781721298433005862e-01
1.290980621516261140e-01
1.316853539187938238e-01
1.051955817004010113e-01
2.858408355938746870e-01
2.924324993517892213e-01
2.565804996577141783e-01
2.123128059107053656e-01
1.958653471311166683e-01
2.265728935280887923e-01
1.515589616193187550e-01
2.885388119321686817e-01
2.012788060401478063e-01
2.459972536891971984e-01
2.016985440285964937e-01
2.149065327005360293e-01
1.775662007965742029e-01
1.714377665157025832e-01
1.662987182169659572e-01
1.505046846685064166e-01
1.480705762667640646e-01
1.144171265229707718e-01
2.409944529098108634e-01
2.759041489015212623e-01
1.550436118650079242e-01
1.194295765805841042e-01
1.696491858159844823e-01
1.010805528389807223e-01
1.516702061729818529e-01
1.850582659975766597e-01
1.718787084507408525e-01
9.872350734204346501e-02
2.005934482010855169e-01
1.209921276505883797e-01
1.409714345468846830e-01
2.801419993585417823e-01
1.823264693119786006e-01
1.809439377335134436e-01
1.850633506232249870e-01
1.589226619971563781e-01
1.070555287636748149e-01
9.898681210686319232e-02
1.072529946893135688e-01
2.057920837408308001e-01
1.112312403826944823e-01
1.608407593717516848e-01
1.108221975167890533e-01
1.979385779299303594e-01
1.635340784713013862e-01
1.657325507619024363e-01
1.475378901942032417e-01
1.536329613748019240e-01
3.134978214146365016e-01
1.801451355650559860e-01
2.360095148087385797e-01
2.837785632124120716e-01
1.649755007597209222e-01
1.875371500794881519e-01
1.969737089744297842e-01
2.447898077928050142e-01
1.402797331544438086e-01
1.487844536197996392e-01
1.487825446331664248e-01
1.904536976752482513e-01
1.563578550633271669e-01
1.488715092438853416e-01
1.237014739028779731e-01
1.329027412297207056e-01
2.141838664700083938e-01
3.707708563494391263e-01
2.089926423725518845e-01
8.255371646262435470e-02
2.531547529814717201e-01
5.892122105573908974e-02
1.691576601964962789e-01
1.240314606915562667e-01
2.165843338382312799e-01
8.906242089123229955e-02
1.124312879765681367e-01
9.560469002328171595e-02
1.627493038872715458e-01
1.315711514152516082e-01
2.819492160712074869e-01
1.079459906969535837e-01
1.463979463833927908e-01
1.465803279490892619e-01
1.305237878711735244e-01
1.901296052859952623e-01
1.573865681366635738e-01
1.409020728831766600e-01
1.510162464617510192e-01
1.867810896061460890e-01
1.698303981593382583e-01
9.433954183920306713e-02
1.312016593673553666e-01
1.321917922953559921e-01
1.933504769455462735e-01
1.801792862375156123e-01
1.131305537136062661e-01
9.061502092171475065e-02
1.187974522418424744e-01
6.012014341145853480e-02
2.266763493874974500e-01
1.123350189206217681e-01
1.079067760238093948e-01
2.054057950464000804e-01
7.107931749290501144e-02
1.371443073363638743e-01
1.629110091210542732e-01
1.457610736089842984e-01
8.465381621229237097e-02
2.626424495917980551e-01
1.103991741004305832e-01
1.362329058378152491e-01
1.515398243777321963e-01
4.572920786397327575e-02
7.804341328567425407e-02
1.640852516202296052e-01
1.115000012510939525e-01
1.659106704414641253e-01
1.220271565578463502e-01
1.571755936509784124e-01
1.300079544680175225e-01
1.659606308947335351e-01
1.126918380744068998e-01
1.579991746955002052e-01
1.327195512875078698e-01
1.709038088457712767e-01
1.205252716436499283e-01
1.757917956980084018e-01
1.212690936525734481e-01
1.771811146873053522e-01
1.186170726363568739e-01
1.896903207483431053e-01
9.268906805220898659e-02
3.310642659428847945e-01
8.825223890395339499e-02
1.166414321788847158e-01
1.950036557345990740e-01
1.880004104886395244e-01
8.889646041862539483e-02
9.093020726568346035e-02
2.037532590613997385e-01
2.188954207662727469e-01
1.948284002758671751e-01
1.405128735888182545e-01
1.217316073724976910e-01
2.822154891079250993e-01
7.565939551604144997e-02
1.052218010967775064e-01
9.642450843924739445e-02
1.297625540779219488e-01
2.446469340008584903e-01
1.299826290673707918e-01
9.369898708786965347e-02
1.401914037667854607e-01
8.189135451154190559e-02
7.156545188822127646e-02
1.151975402294512646e-01
1.148625857630653641e-01
7.709031131335940257e-02
1.248837485374284795e-01
1.269940920897773551e-01
1.183688277365850389e-01
1.209176022863337752e-01
1.169838334994013768e-01
2.284543257707714881e-01
5.601247379096630646e-02
4.467699239286732071e-02
8.879185642876706586e-02
3.383070959102638109e-01
2.926795958948436027e-01
2.079960809035839853e-01
2.837213595166585556e-01
1.968321783908831279e-01
1.818308637042706788e-01
1.168067798403194385e-01
1.002844666353656933e-01
1.271216709761135710e-01
1.597478032511207013e-01
1.585038036852969567e-01
1.599150496840768265e-01
1.461268902447856732e-01
1.153832116950529729e-01
9.802267787380374020e-02
3.023643372988124578e-01
2.097909747925706669e-01
1.976000134738003511e-01
1.408793365423921529e-01
1.770500939125405349e-01
1.225425606448298371e-01
1.338188242375203674e-01
1.140672054191664425e-01
2.596822197990662495e-01
8.650816392740948158e-02
9.125586262227299017e-02
1.716929645175942210e-01
2.553886655085274016e-01
1.936131567438899581e-01
1.022566939148051024e-01
2.404426765735014071e-01
8.105573901318430252e-02
1.118230911867491434e-01
2.345205491085412541e-01
1.786732211279573879e-01
1.463662163409417127e-01
1.341552736069923368e-01
1.187858468663643280e-01
9.788911273569476934e-02
2.489043528199098299e-01
8.577720236737471082e-02
1.092832942955618974e-01
4.235409695002648883e-02
5.405223424884454675e-02
1.500976879553319043e-01
2.048237806961957785e-01
9.837946406842165703e-02
3.241733119800919161e-01
3.759000117616404513e-01
1.304007579739581701e-01
2.481333670028472715e-01
1.202004272368033533e-01
1.326672042954470665e-01
9.770326272412867274e-02
1.658863318787109076e-01
1.620945985787752563e-01
7.372377768432415712e-02
2.664872117572922861e-01
2.291331939379965543e-01
2.376820446573400247e-01
2.320542200276608513e-01
2.015281326050466226e-01
1.293981758136788229e-01
1.432594141036910573e-01
9.399621145667673427e-02
1.594211662662803897e-01
1.217749641712112946e-01
9.479679111672638381e-02
1.017439889208262421e-01
8.795558333539379992e-02
2.350973895537560865e-01
1.015198892599117747e-01
2.151508444090356464e-01
1.098237933908463859e-01
1.307382430554306918e-01
1.007172193070642874e-01
1.232217942629843660e-01
2.785590092450712096e-01
4.333616736390846075e-02
2.632011025501803658e-01
2.915587972374830694e-01
2.038737018843891635e-01
2.865584050429052509e-01
1.241092160627237373e-01
3.752797962111435459e-01
2.881070186651490950e-01
2.430210683354141477e-01
1.000524312128262261e-01
2.652676153818163129e-01
1.953045480472201390e-01
2.478812419836058378e-01
1.081660824715758584e-01
1.965298852572823218e-01
1.105124255678564954e-01
2.309091131112458173e-01
6.093786506447343432e-02
6.922576287671353135e-02
1.206951882292052469e-01
1.678323161658544227e-01
3.346596424907636314e-01
2.273836840093989842e-01
1.664877852072981224e-01
2.530527055728066244e-01
2.438336510473856356e-01
2.461524237582972674e-01
2.350018220340478747e-01
3.080951847285153811e-01
1.954551628456253909e-01
1.973283168797851928e-01
1.964919367572847408e-01
1.896331354730934893e-01
1.851471679924850677e-01
2.097478776211580964e-01
1.551879095403412012e-01
1.825502916349104610e-01
2.819318104621764687e-01
1.608333437109098207e-01
1.882568130717371668e-01
1.117784537863805161e-01
2.016898451413166871e-01
2.136198401797159696e-01
1.172437769685749781e-01
9.159378719497246468e-02
1.425456242049406574e-01
1.144086261615795963e-01
1.458043059399925512e-01
1.582432307084735701e-01
1.519024783152287950e-01
1.641180771562850971e-01
2.656940232326879259e-01
8.720436605291133347e-02
2.259194608351227374e-01
2.344778219058317459e-01
2.109500459914526449e-01
1.760641855554132551e-01
1.635792751597084926e-01
5.972753022012552981e-02
2.284654557011581433e-01
1.178123398823041901e-01
1.378468368677896738e-01
1.211413125858656070e-01
2.082006357463899171e-01
1.166450682830642155e-01
1.191437375716812991e-01
1.254640789244298726e-01
1.228053175805961239e-01
1.132179520169070280e-01
9.081060748551318673e-02
9.354265975909646647e-02
1.287590755437629797e-01
6.705763096028817538e-02
2.559899125115959739e-01
9.047676550510171112e-02
1.249772134072456159e-01
8.230897714479151750e-02
9.078618359756406020e-02
1.923130349983059595e-01
2.279541179844462029e-01
1.597832556532048920e-01
1.552230141568002875e-01
1.565412671052724691e-01
1.543484686308461695e-01
1.721863117295442946e-01
1.652516175511186680e-01
2.245770578875036505e-01
1.401846148240612766e-01
2.015561568171189144e-01
1.493011588668839151e-01
1.365864244934096305e-01
5.735845138895889067e-02
1.237804648253991308e-01
1.492979836497193569e-01
2.263847839532104333e-01
1.619446369675043018e-01
1.254893646380952077e-01
8.191565413861111311e-02
9.416171702779913000e-02
4.986365137479660536e-02
3.790941939652603954e-01
3.768199997021192682e-01
3.691141180335618110e-01
3.962981285129797970e-01
2.508902295647976177e-01
2.729625971812953411e-01
2.391946302539753599e-01
1.093074553930969278e-01
1.026044229052219398e-01
2.799943853733963817e-01
2.781843613844382501e-01
2.706227909228339779e-01
2.891550157166646318e-01
2.769188650447387823e-01
1.332038813939704358e-01
1.189595933405093869e-01
1.020499606836381690e-01
1.174620223629497667e-01
9.800185725395535452e-02
2.214490437229369446e-01
2.412598846842490541e-01
1.305668871175312273e-01
7.592968019823691239e-02
1.419114103638415281e-01
5.522389835142373776e-02
9.451776455812654909e-02
1.752345873593477155e-01
1.558968937829016410e-01
1.030522937901010988e-01
1.117259776006924998e-01
1.840193640966664990e-01
1.718559632783184798e-01
8.861919057284173284e-02
9.523154174944385708e-02
2.784954547634928002e-01
1.678749830698860468e-01
7.969845197159290684e-02
2.286059515733555036e-01
1.907774970856194185e-01
2.859304987875714854e-01
1.309274855673794036e-01
2.826255301386946805e-01
2.898742287126476191e-01
1.553662598707701570e-01
1.216103667336977112e-01
2.986906623261783023e-01
1.061995739803250904e-01
2.643887756437066083e-01
2.529173298117735058e-01
2.542710425876950064e-01
2.616027567179583513e-01
2.630411037477946579e-01
7.735322890072769686e-02
3.121434369390659325e-01
1.011850975444790468e-01
1.997528208389921789e-01
3.126118159407591524e-01
1.027511902097640456e-01
1.968616812045430875e-01
3.083842472642588928e-01
9.107748647147356769e-02
2.745285887606655484e-01
3.065789220813822658e-01
1.398845735296601334e-01
2.523835783702564894e-01
3.086409070944314270e-01
1.241633641660162268e-01
1.462633988908515481e-01
1.486119796975488294e-01
1.656767211559450059e-01
1.588704956566439619e-01
2.864287724234653165e-01
2.738815421860548716e-01
2.641496392717344599e-01
2.901362153396467858e-01
2.928532554444269742e-01
1.206773067601750737e-01
1.288022810757439296e-01
9.311543998649463028e-02
2.776783597851774088e-01
2.920572269016870059e-01
9.814319195442254562e-02
2.645872617782677461e-01
3.033024926820981904e-01
2.682100996301730600e-01
2.787903805506481425e-01
2.737148418223187551e-01
2.765544010035373979e-01
2.805867516517971394e-01
2.693655814581313312e-01
2.644478477572493325e-01
2.975061500775130208e-01
2.750171403428649519e-01
1.677799260608878740e-01
2.723442047858151138e-01
2.795585976682099516e-01
2.720926547793151573e-01
2.686648364001866240e-01
2.819836481563224861e-01
2.801153160610621584e-01
2.856868924389198150e-01
2.511654777002243488e-01
2.913715493790570155e-01
2.762154327901500950e-01
2.847118835899589140e-01
2.509309036804528437e-01
2.732282351393993669e-01
2.835740558333562644e-01
2.581479246516381054e-01
2.861121917195270647e-01
2.898819028868423464e-01
2.973149813018039489e-01
2.645471446574794716e-01
2.455246215917283037e-01
2.512918455575554044e-01
2.763143609731248951e-01
2.840526752148195833e-01
2.689107006486426421e-01
2.848116494368593821e-01
2.804302626059864134e-01
2.914090200660744978e-01
2.857667412438213428e-01
2.661210219094025109e-01
2.848029909879735144e-01
2.888792362271598857e-01
2.926308256840884359e-01
2.600375747065649668e-01
2.575034741058160881e-01
2.549897719410432195e-01
2.672332613488812014e-01
2.804993429520809545e-01
2.896285072836450869e-01
2.953285423564792067e-01
1.755444017730264927e-01
1.058502825688709681e-01
1.934635500670267572e-01
1.384182679096919444e-01
1.940764945463989144e-01
1.997466514361722345e-01
1.640605775964926460e-01
1.500382459149730008e-01
1.592512803425632784e-01
1.252942094290776798e-01
1.776979908094263594e-01
1.401982676729319477e-01
8.231654974995676610e-02
7.919201883453205748e-02
8.803158648315981272e-02
1.638650889699324043e-01
1.169091916822218580e-01
1.145724009656920034e-01
1.379469350811646233e-01
1.113134477217679608e-01
1.694788492629024923e-01
1.315705767886473920e-01
1.414507142712492782e-01
6.879326177333167092e-02
1.659533426575456050e-01
8.491980302002211101e-02
1.904616207776346770e-01
1.557828807753423028e-01
1.190469121270786163e-01
1.028735130779728918e-01
1.254880139483875445e-01
1.069267695081358993e-01
1.006969025061459078e-01
1.297342255221367313e-01
1.209879654625856671e-01
7.885254920124613875e-02
1.099585512531431053e-01
9.512605142029138816e-02
9.181907639445155422e-02
1.119799974139732840e-01
1.116989367209681866e-01
8.652434559883473431e-02
5.599528965454183410e-02
6.574770351012260150e-02
9.570102969638437374e-02
1.171382890773561281e-01
1.025843970279359113e-01
7.059757642630523633e-02
1.026933258311897579e-01
6.308247649431894533e-02
6.449361064004074939e-02
1.623728382376129764e-01
1.021331108878027749e-01
9.420560538286844310e-02
9.164337130199523562e-02
1.104261011203193227e-01
1.336336215767036373e-01
1.222704533006726962e-01
8.295837103075875962e-02
1.067909386441204533e-01
9.851787635637662688e-02
9.760984387744466029e-02
1.382803754174000699e-01
9.653197393580117969e-02
1.014665955251592006e-01
1.006523154934261810e-01
9.380372550433571655e-02
1.175501095687159492e-01
1.359456860448701176e-01
8.216667100959682002e-02
1.170205192824770868e-01
7.547497188348996355e-02
7.716523166383854049e-02
1.169687275837074103e-01
8.634525766009162884e-02
8.636920014052218431e-02
9.796780382206013438e-02
9.676414564108205829e-02
1.065507362156699472e-01
1.107901716332418407e-01
8.775595617330254894e-02
9.450435759806938285e-02
1.094960527878402062e-01
8.355011032021722461e-02
9.719685527417670778e-02
1.608058049347193541e-01
9.698682451865200949e-02
8.824704775973338244e-02
1.262060703681810170e-01
9.293051648175730539e-02
1.139626432682435964e-01
1.329124511762613259e-01
9.117142190203607333e-02
1.204368178929335759e-01
1.009166692850937408e-01
8.196678177360619544e-02
1.407711228837661421e-01
9.522396169820705747e-02
7.930846171459442207e-02
7.836998476967979577e-02
1.020892856482160244e-01
1.282132792162608281e-01
1.275037483342917055e-01
8.823692099058844107e-02
9.448688945117281190e-02
9.225002292530853215e-03
1.369793202933470948e-02
7.108977632219717381e-03
6.314373598586790239e-03
1.188519818710302017e-02
1.327177742765838810e-02
1.352985771141992227e-02
7.632343965024937331e-03
7.382311731820861631e-03
8.477678147097164954e-03
8.879539007033412576e-03
8.431447454208701800e-03
8.762434430482560557e-03
1.029282022223995501e-02
8.929045144735246395e-03
5.040849863424591397e-03
1.124311136766392542e-02
1.095408312273827081e-02
1.180186718609925814e-02
8.261934523562386445e-03
8.383448725447903080e-03
1.059630621323975896e-02
8.102592913913323966e-03
8.177824454193648174e-03
8.098357319907491594e-03
9.161695038768288141e-03
6.538840158311749751e-03
1.019598389139704520e-02
1.207750520186742609e-02
1.118646342713244292e-02
1.552510029916181165e-02
7.796910559139502706e-03
1.400658061711211252e-02
1.375163116759362848e-02
1.310724747471694700e-02
1.265583267232674343e-02
8.197745385238276380e-03
8.068293948366157126e-03
9.967120132107671476e-03
1.097599510189558106e-02
1.700714140955867509e-02
1.490412764600141174e-02
1.831250586116683898e-02
1.400319006773632739e-02
1.668182270735609971e-02
1.651475402982760868e-02
1.134316051390205950e-02
1.639622018007278262e-02
6.576759979272490085e-03
7.087895507145289611e-03
1.344816691960251838e-02
1.043469884774475380e-02
1.210039013687908178e-02
1.036448355381456091e-02
1.139746702787441078e-02
1.267853014261117843e-02
1.042748915403279159e-02
1.611060032916478840e-02
1.976191274121709071e-02
2.061993892024435032e-02
1.260718061617597044e-02
1.359485210394334280e-02
1.182448452611451969e-02
1.080766069164248479e-02
1.557042216501462219e-02
8.140886663273942669e-03
7.001031596667192658e-03
1.174284186934763073e-02
1.174057239830057775e-02
1.309228181583063470e-02
1.664046830992777642e-02
1.775171472074522569e-02
1.607777875832554215e-02
1.035133891458324754e-02
1.879930655603091749e-02
1.811076663961507655e-02
1.601736547438264643e-02
1.765874552148504611e-02
1.485436796113259912e-02
1.776444928749106034e-02
1.184394429550156801e-02
1.978918842527218822e-02
1.680153809246934943e-02
1.755177737947457434e-02
1.416485507068246039e-02
2.119170910939209909e-02
1.161888935215183577e-02
1.858253548160176613e-02
1.113022175788173571e-02
1.562093859572357551e-02
1.396941584724636053e-02
9.516849361118403378e-03
1.399310111584582336e-02
1.188766394010442456e-02
1.648977825635960376e-02
1.063244135022498559e-02
2.030170827299648817e-02
1.125812144835964916e-02
1.773325319193112468e-02
1.489145786620164717e-02
1.507906017947135274e-02
1.528317887680125456e-02
1.588216551070664381e-02
1.173424316756743573e-02
1.699538068570874069e-02
1.414564286051838739e-02
1.063585364592384806e-02
1.187204528964030253e-02
1.255252410534763753e-02
1.934545611996078482e-02
1.899065463809001750e-02
1.592996832888337461e-02
2.079493175757210141e-02
1.166832506065344777e-02
1.009589434758418301e-02
1.602872043742043645e-02
1.250124777132473851e-02
1.917572289370500158e-02
1.862843932765868848e-02
8.837819664978289677e-03
6.748746382471658423e-03
5.202844545230096186e-03
9.186020912179140852e-03
1.567957467808970412e-02
1.512735390296372426e-02
9.329441866239508024e-03
2.088127314122973244e-04
8.457310220411866711e-03
2.539433866975957291e-04
9.209939534185488047e-04
1.196928749376048595e-02
1.624420201471768205e-03
5.230549577180316264e-04
1.712877264946036484e-03
9.674241066297453728e-03
6.286510393141069106e-04
7.872549205746222096e-04
8.791526942369039602e-03
5.144209278544986620e-04
7.554271117770405830e-03
8.897090075187684063e-04
9.111064263560291962e-03
2.978293935763199154e-04
9.044488208500763363e-03
5.422249952896052941e-04
7.228026582068972257e-03
1.486334458630543445e-03
1.225715455646019230e-03
8.765403814506252979e-04
9.080803249519507625e-03
1.699355634725852602e-04
1.336767330168069090e-03
5.090749680655450287e-04
8.993449170626708928e-05
6.873884639507129570e-04
2.643861793744335404e-03
2.042569932016073848e-03
2.282056810647846781e-03
1.847367192343183848e-03
1.295347542404952411e-03
7.785023915838826074e-03
1.315492254503345618e-03
8.751535396458306679e-03
1.121890310457289821e-03
8.580077647486888948e-03
1.254965080380110150e-03
9.301358449257370259e-04
7.522309421548337496e-03
1.041686594875063706e-03
9.582504392874254331e-03
1.853011513400702054e-03
1.655145248368490064e-03
2.635853422303106181e-03
7.998688242852465893e-03
7.467548633919710195e-03
2.005716560589632710e-03
1.387602713209181967e-03
6.811043533450894701e-03
1.408046788200616574e-03
3.121389747209676966e-03
2.313143558826996269e-04
3.137872043497203119e-03
2.001659084239095984e-03
2.159481119843832328e-03
1.738891692764606318e-03
4.032555559257654243e-03
3.006851175785111348e-03
2.899911502431286488e-03
9.816590643043879467e-04
1.335835077985611736e-03
1.682752384422035903e-03
3.609494298828769005e-03
2.921911805008015669e-03
3.423270548024293872e-03
2.211009080625339195e-03
1.883752762405512243e-03
1.788143505078788973e-03
5.788846179106277821e-03
6.159167378451380591e-04
2.422292577937122139e-03
1.720978422557275156e-03
8.698143791840423503e-04
1.422798384106153209e-03
2.460165331219815732e-03
4.035163794770675952e-03
5.959422097504027231e-04
6.018831583616108226e-03
3.418409449469938990e-03
2.230070966059264932e-03
1.215776494102586980e-03
1.585458112172352663e-03
3.968335531497100589e-03
2.001069602746903455e-03
3.935520363433694241e-03
1.017997922787563028e-03
3.389356351644237219e-03
1.974853235466111825e-03
2.932871500584210891e-03
2.864739476482153907e-03
1.526419875565105874e-03
2.298935841682631358e-03
1.877151841065192181e-03
4.701981174544586292e-03
1.778640242785973786e-03
1.212339578197646223e-03
2.859815079007736478e-03
3.073524618467633231e-03
1.065637835624608275e-03
2.625414863386065292e-03
2.447721546729557818e-03
3.025812941212207251e-03
2.993914312567624858e-03
8.157375385466738085e-03
6.874455345527796281e-03
9.264693677975520403e-03
4.099780026189647482e-04
1.544056335537959210e-03
2.879148635083319044e-03
1.189981355878697716e-03
1.392940085665500798e-03
2.356444415421774744e-03
3.046276563433116674e-03
2.336651754859459581e-03
2.962671387647870889e-03
4.589299157551924441e-03
4.959085377556713553e-04
1.307526472563315129e-03
3.958990006429023560e-04
1.895420952798523980e-03
2.068663288748342176e-03
1.924053112895087380e-03
9.451876271684356984e-03
2.039969326667471269e-03
2.261545383502703774e-03
1.706807219605880862e-03
2.025084239221799833e-03
2.421054259105207950e-03
1.699570645802684190e-03
2.457823920186941874e-03
1.092428155347070166e-03
1.575037380013584887e-03
4.647650026072220144e-04
9.840017458057598310e-03
1.113264425087643998e-03
1.424809858485108494e-04
1.576962345658438616e-03
8.365546141852305473e-04
1.457038350243346388e-03
8.555601375793666285e-04
2.838553438227373396e-03
1.365870740474928484e-03
1.987557813628892597e-03
2.314907836580107001e-03
9.278999558416466511e-04
1.177597867505224098e-02
1.761968541426053771e-04
1.128572820283134815e-03
1.132444668138982537e-03
2.224101537079112550e-03
6.096084937193264712e-04
1.092556705334888321e-03
6.013089444327478781e-04
2.533330543547251783e-03
1.337843117889272798e-03
1.064593276345169801e-03
4.316358858768287558e-03
6.905622924288463624e-03
3.269004681299801998e-03
3.592861142030243614e-03
2.372152082051715450e-03
1.140240377749972191e-03
2.053801080860020566e-03
2.078808828129480486e-03
3.321842315474219428e-03
2.633227814364552059e-03
1.074409514002462249e-03
7.545809212572340482e-04
4.888201889927425159e-03
2.403644321964577748e-03
9.858848536715748151e-03
3.318250661481185384e-03
5.536048016072977161e-03
6.518195864751775460e-03
6.752059025061561692e-03
6.151767647500732544e-03
2.461922109401032139e-03
2.911464185907070446e-03
4.068015909757469357e-03
3.868763056951792564e-03
4.421456086177420058e-03
8.518080200345213649e-04
2.505431275227643431e-03
2.363919722420901228e-03
1.347187605924745615e-03
1.993812524537981815e-03
4.425676020212127894e-03
2.168659355721977780e-03
2.603492149928888100e-03
8.995682845579611175e-03
3.302637520071975696e-03
2.177619223941180699e-03
4.279540585112154988e-03
7.598727301267655570e-04
5.865902834316908841e-04
2.351319126932921357e-03
7.359652842304011426e-04
2.535274041902289919e-03
5.663045429137326600e-03
2.946309895666558102e-03
6.665070586238896989e-04
1.475487481897020704e-03
5.657206378678611598e-03
2.508908883758641586e-03
3.778192372578206230e-03
4.021229663770210859e-04
1.107958388094305207e-03
2.496186473583526626e-03
4.893031941014722684e-03
8.604927148728923336e-03
2.583356502955472603e-03
3.747889521342160756e-03
4.089766493723867233e-03
5.528335270719558422e-03
2.041116868854980521e-03
4.291547354253999989e-03
3.215782974665419049e-03
5.809438909135556002e-03
1.862693776205179893e-03
7.200274056181721165e-03
1.090346650923603930e-03
3.694184287639939741e-03
2.731405488439591842e-03
3.229166156050254644e-03
3.676466270835989248e-03
3.250010053709625080e-03
5.609600357037888146e-03
6.789928669665922303e-03
1.699785646085639947e-03
1.305723576169664883e-03
1.698998902601824403e-03
7.788916360882192948e-04
7.997159894323913748e-04
3.005419873219325900e-03
2.620148094714997659e-03
5.108628322045504454e-04
6.887331099268295849e-03
7.594928922890608475e-04
2.904452377770744449e-03
5.491161433639775609e-03
2.498762104032462190e-03
4.369162163625960223e-03
9.939079412138755384e-04
3.098430484230614047e-03
1.397957437455524081e-03
1.733575202276380327e-03
7.623111473943057449e-04
3.084098586802230899e-03
2.353371053727436931e-03
9.183096920496573463e-04
1.390531413744877090e-03
2.430239930598513017e-03
2.964819872224321896e-03
2.804004560392208897e-03
2.353648643278018378e-03
3.943745618414071924e-03
7.785308012758337254e-03
8.176457189898133499e-03
9.172332440081667343e-03
5.105871794302107268e-03
2.332523483347299659e-03
2.650859840620342633e-03
2.340008634562654351e-03
6.477467266201745316e-03
5.216480201747912982e-04
1.423336934121399678e-03
1.424246680809952790e-03
5.446569790754274623e-03
4.654119105955438832e-03
2.058492790269007226e-03
2.350176398336498163e-03
3.573857356384197489e-03
9.510645063598987268e-04
8.463601394768958258e-03
2.305278556292389338e-03
2.350288829304916858e-04
5.518816575535980158e-03
1.435813117686107580e-04
1.973222902122550009e-03
1.975624147857473270e-03
2.840271777766289855e-03
1.937321732358007124e-04
8.553283971005557059e-04
5.618829479662102886e-04
2.495384273880922512e-03
4.067421326344824203e-04
8.559795889931479454e-03
8.115811068579684585e-04
4.882361990285739688e-03
1.455504965140083130e-03
1.799311765281723027e-03
1.013386097539148000e-03
2.267432923951274212e-03
3.012675143693394238e-03
2.648886438195623052e-03
6.049465416424414880e-04
3.130787634776901508e-03
7.300248610572711815e-04
2.616347494966556227e-03
1.633017218203021903e-03
1.740371320785260439e-03
3.098086791397252748e-03
2.494552882990180680e-03
1.552740327425044262e-03
1.940505708817656617e-03
4.001768508784626167e-05
5.918963308468552093e-03
9.805543202781757429e-04
1.543269850621447302e-03
6.159007654171082084e-03
1.959854503785705396e-04
1.166452997730365237e-03
2.307171564207516866e-03
2.254176945624705806e-03
2.819155786041472201e-04
2.299683254420471952e-03
1.255980079413345114e-03
6.256927167040497988e-04
4.639808608031475469e-03
6.776854296848308754e-05
2.452972654448553388e-04
4.450106898610888505e-03
2.532957241875481626e-03
1.792885428283668000e-03
2.616670106564231157e-03
2.120298648343750710e-03
2.656328288071921253e-03
2.010639135681468927e-03
2.583692088805513570e-03
9.281449932286898281e-04
2.385805218450181946e-03
2.324436929192390169e-03
2.749225958442270534e-03
1.833670890137324228e-03
2.661071434191226038e-03
1.436243969802211435e-03
2.622920561524567668e-03
2.050340041601552820e-03
5.508491265645346340e-04
3.814180770169744300e-03
2.565326747532875487e-04
1.163715790989136014e-03
7.775736825795824189e-04
1.090041079028281675e-03
8.674630831198164348e-04
8.067395060715492521e-04
2.259937383684527783e-03
2.890781544283448860e-03
2.352967644692780143e-03
1.139760179154934239e-03
1.314136297105569567e-03
1.014168801250404407e-02
2.150929922471674126e-04
2.364005714939098127e-03
8.083002804606631260e-04
2.176449157411022156e-03
2.157637122174540460e-03
5.626136236170158414e-03
2.129329197730682206e-03
2.863388470413614009e-03
5.675251660285755839e-04
2.374611413083044763e-03
1.909304379200423788e-03
1.317492536650392062e-03
3.243815768947549451e-03
2.946936209497531128e-03
3.743488500211781828e-03
1.901223009972237508e-03
6.643799125417379102e-04
1.183120223780123002e-04
1.981322297470773913e-03
1.781600469081955778e-05
1.905457074435141897e-05
3.164006869059473172e-04
9.736951890358775188e-03
3.673805233074281702e-03
3.645730222725622471e-03
6.360953701468583660e-03
2.433338374232948617e-03
3.097271369043283745e-03
1.329898679834893172e-03
7.953094105812038130e-04
1.210257857841005435e-03
1.485665490182338025e-03
1.840660232924204920e-03
2.470363302916246066e-03
1.897046660605580543e-03
1.392992287965795321e-03
6.305431977286252588e-04
7.626786497492356320e-03
3.423530308105984885e-03
4.945987457501094080e-03
2.505730918344469763e-03
2.330196043663915889e-03
1.473021800115137912e-03
1.744170342734527139e-03
1.142525979473688492e-03
5.378338012291191371e-03
1.895981145021833226e-03
2.906347414626562348e-03
7.639480917093965581e-04
7.480975091773810724e-03
3.613452567785032168e-03
8.256283782993774096e-04
6.961513579355269390e-03
4.402637168426778102e-04
2.639422125180413553e-03
3.649014170713036059e-03
3.123377823202846265e-03
2.840681261890635762e-03
6.198272520913889827e-04
6.169038283726114170e-04
4.328983043288990779e-04
3.229290202803522351e-03
5.480313225451336531e-04
1.714614761952068652e-03
1.445012767639527296e-05
2.929448450383391819e-05
2.691028238391377642e-03
3.036274432115893679e-03
4.988182779927983167e-04
4.731722908162050607e-03
1.357289636818347599e-02
9.092916076967384222e-04
4.187849063987610782e-03
9.451791164810255472e-04
5.149864521758144159e-04
3.117984726644801047e-04
2.854487122369432899e-03
2.996207646560678016e-04
3.178548579448655514e-04
7.425962052514675261e-03
9.362691180144457753e-03
1.556599158514941975e-02
9.540144143322212139e-03
2.525299165690236651e-03
2.291146669721875161e-03
3.076232594640833026e-03
9.216328149106881116e-04
1.535634505974535187e-03
3.117122596329792461e-04
1.910429183576538032e-03
2.163900788529299433e-03
4.966185192564544519e-04
7.261673978558908990e-03
1.237628926659226298e-03
6.488948661966275656e-03
5.718255391805344024e-04
2.080397857153395026e-03
5.305916368956728815e-04
7.863842086614162685e-04
2.325270829104623873e-03
3.763103820198056618e-05
1.154300352135447134e-02
8.369172948011288637e-03
6.327312411683839663e-03
2.988017953214262661e-03
1.938610413109575960e-03
1.359665609020337812e-02
8.198174755129718216e-03
8.572424163860168853e-03
2.473075755238654527e-03
6.929572731007867248e-03
2.165494281706603803e-03
4.198642974516610463e-03
6.454093490811520055e-04
1.560788478084302417e-03
1.350566848149480103e-04
5.161103829392799450e-03
3.594963579841570358e-05
7.731183615270709685e-05
8.211689986873521585e-04
3.507650283107010235e-03
8.323852531265550289e-03
2.636211030584763738e-03
1.719203708904325093e-03
3.029544838395790193e-03
2.629343728873030205e-03
3.713094260155109377e-03
3.041528974833632160e-03
3.769229844203314268e-03
2.062915602366512374e-03
2.499651555285138920e-03
4.993548455216465648e-03
3.573700388824622206e-03
4.014157524335918402e-03
1.426427866143878918e-03
1.733306536934549769e-03
6.373734914064244257e-03
9.486291847213309050e-03
1.920192359144500200e-03
2.827346395934059956e-03
1.070296148176423700e-03
2.035375611177190312e-03
3.331047875003530310e-03
7.155548282508979608e-04
8.682817498045069388e-04
2.697284154930530090e-03
5.480379588918448579e-04
4.493908221402001350e-04
1.815214338551003094e-03
1.997999123632198965e-03
2.766315454546464797e-03
7.889593367555052666e-03
1.790336033469138713e-03
5.880366396765828244e-03
4.638356155803901627e-03
5.303965869217238012e-03
5.238244251548156843e-03
1.520880668142804816e-03
1.110101847967994408e-04
1.382948112771013177e-03
1.442103729098876243e-03
2.723199258932913671e-03
1.396912090477316548e-03
6.364968738120538143e-03
2.131766039471787166e-03
2.100503440820240646e-03
2.215562839622167712e-03
2.386556573543886176e-03
1.831661445023181553e-03
6.998847027322292963e-04
2.700520505506574733e-04
2.700174910821662947e-03
9.247853553626136469e-05
4.437989893063365270e-03
6.104042483634848811e-04
4.446496832254121499e-04
5.299522110652039267e-04
9.153360354011502113e-04
1.155728531059141938e-03
5.838348626418456318e-03
5.342933736918753247e-04
5.112342346320288174e-04
8.003159127597449674e-04
6.717498106737985119e-04
1.105465331737659398e-03
7.480280993824509192e-04
6.820519752400341397e-03
1.307030952913533061e-03
3.135056799925217859e-03
2.651739298156471913e-03
3.494389553126424526e-04
1.453271720772699132e-04
1.237243224312696305e-03
2.338365163738116616e-03
1.383151818101274657e-03
1.635460092943346417e-03
5.438309874719418104e-03
5.796299325972586580e-04
7.633645777666595933e-04
9.757148816977918198e-05
1.446806349620983860e-02
1.758537954491602023e-02
1.538325405182126154e-02
1.501721571437210530e-02
6.419035625555358400e-03
6.462554603930028077e-03
2.920114225321011978e-03
2.968947958160419488e-03
2.830992383266805936e-03
8.270078725694981689e-03
7.348556908441849535e-03
3.227006057946439892e-03
7.352408658541689443e-03
7.672763782799781572e-03
1.490209086367626093e-03
1.046546471259993897e-03
2.659644045434339087e-03
1.284588770496831404e-03
1.262145530471090122e-03
4.120182617458492333e-03
5.561918530836305365e-03
2.367242764600330836e-03
7.309399270769990475e-04
1.588000472886450486e-03
1.452629003842256523e-04
1.515920983926404356e-03
1.409827034119369004e-03
4.667002214265955629e-03
2.609092077680540307e-03
2.507582579042638010e-03
7.076770495399837060e-03
4.620382142073821592e-03
2.377151948034085353e-03
6.029014499416982670e-03
3.934883100495436756e-03
3.510634899981649425e-03
2.436635503533687006e-04
4.478978890380484398e-03
5.752672569292504971e-03
9.496118627195650891e-03
2.119716411154707290e-03
8.119630682435270697e-03
1.038792225876675537e-02
2.275056291103957906e-03
9.957140502352503954e-04
8.574161542871872738e-03
2.102446874201306399e-03
7.370928039297514577e-03
7.707585108558014445e-03
8.323742522536240265e-03
6.780685556487565935e-03
7.667857240246505127e-03
1.459541352386387069e-04
7.832595475533717794e-03
1.724907588406422894e-03
8.971180401346672082e-04
9.793181476670355726e-03
2.314337873985103551e-03
1.018908347030809698e-03
8.979736307954776578e-03
1.844714322086538983e-03
1.536307962588663936e-03
7.766450082196894519e-03
2.069199887633255391e-03
2.049154396412855746e-03
1.014950117549643857e-02
2.603625309433740820e-03
1.581415277534176057e-03
2.872621066584728731e-03
1.107857285344888629e-03
3.609867056742711335e-03
1.080579533216590067e-02
9.493110048953900745e-03
9.499604997921354960e-03
9.597035989907312659e-03
1.382331751789593610e-02
2.387522524964178459e-03
2.201075858122363785e-03
1.966548106548818200e-03
9.232496068203435713e-03
7.848483604755410528e-03
2.295001001374473524e-03
9.141709637677509354e-03
8.528037120485776335e-03
8.141037205766961035e-03
7.810281057190331978e-03
8.877723982776516976e-03
8.214278258894862350e-03
7.744282653993739274e-03
9.815664009364481399e-03
8.271473936210126457e-03
8.438500693604107997e-03
8.614117214077404369e-03
1.334322219230212742e-03
8.623429699097939424e-03
7.850068306145430164e-03
8.229138593067342189e-03
8.914252446924326653e-03
7.531566250319135167e-03
7.725557866065305493e-03
7.469957583757937114e-03
8.421852640027592193e-03
8.427478267884208271e-03
1.024191623788179087e-02
7.787563057409599594e-03
8.930344779467191962e-03
1.042567080365953622e-02
9.005990809093941327e-03
8.465279975704903190e-03
9.285000494986997421e-03
7.743336999863140169e-03
9.185155237805758127e-03
6.982756266862242926e-03
8.203094011455875495e-03
5.122223483998321857e-03
9.439802650247084218e-03
9.375962319175241630e-03
1.001790932020036121e-02
8.022150699294938389e-03
7.948734958042494997e-03
8.929667848655446771e-03
7.483134484610303068e-03
8.283578741178798666e-03
8.886020244357261538e-03
1.039631855126944837e-02
7.579256941503921194e-03
8.235524146380391458e-03
7.997683387931801488e-03
6.852134825495780415e-03
1.010428911786305332e-02
8.016375361736015337e-03
8.283124598608186673e-03
9.214164263501288879e-03
1.129264499040606891e-02
2.794424548707918725e-03
2.607498616868760694e-03
9.468502339735455648e-04
4.093010215731574322e-03
1.559831860408476259e-03
1.321482390923960646e-03
3.559618274133093899e-03
8.137899942257151948e-04
4.416055880516655575e-03
7.748687916517533287e-04
3.192401513233019111e-03
3.099977150384466019e-03
3.283147132642255835e-03
3.551784654600245207e-03
9.290068488841507054e-04
4.841095745623539594e-03
6.643565612364400221e-03
4.200259236447713429e-03
1.755689799477373140e-03
2.082639252269615632e-03
2.846650111188058808e-03
4.005156012366006824e-03
2.929201199475335322e-03
3.670839957229005655e-03
2.716094097497827146e-03
6.399631162427452807e-03
1.383275879170476827e-02
5.981362909190801255e-03
5.383463460503445062e-03
2.440828894557295781e-03
3.856530371022540322e-03
7.985170435312428233e-03
7.405074273126329050e-03
5.649024413337064981e-03
5.227302058252129326e-03
5.163601025314533757e-03
4.780097820554904593e-04
5.425513474111060171e-04
1.941146019662987532e-03
6.026678757347035502e-03
7.000521969555192209e-03
3.913391794251602426e-03
5.375241811097342289e-03
9.605367765895392318e-03
7.944431908764941833e-03
6.613771575787675411e-03
5.933041210427457586e-03
5.009568399109620186e-03
4.463147040544917891e-03
5.107257924385795803e-03
6.832855232354222326e-03
7.243229328161416777e-03
3.768305117906553450e-03
3.588086213783183744e-03
9.797823168658683149e-03
1.097216787793013106e-02
5.758825322594415992e-03
6.136601441672097541e-03
6.296856761334110320e-03
2.451861466505910782e-03
5.280893884607893059e-03
4.134610857465762825e-03
4.026598356058711317e-03
1.931084214205139532e-03
1.365630072669126631e-03
4.913639209339721800e-03
6.869558164365549384e-03
4.515377669992254490e-03
5.216870941951928971e-03
4.034080946824726913e-03
3.838458479416003528e-04
1.921663051441255439e-03
5.568754462564218244e-03
6.242411173342370632e-03
4.428832072842460964e-03
4.519581778350154240e-03
9.594750295403223564e-03
8.860656327243414399e-03
5.647302518351352170e-03
6.737511443207984049e-03
5.030123368068768232e-03
1.047654461812915459e-03
2.490753415595711555e-03
2.192608995463255200e-03
5.087463095460001417e-03
6.102935526935849425e-03
2.941310728982635039e-03
2.642350124845792032e-03
4.032094608038658441e-03
6.975863907120238849e-03
4.619466857555406918e-03
6.012481804006029364e-03
3.499306600597340295e-03
5.083767866728816209e-04
5.221221158189405650e-04
7.252726235628534183e-03
8.633263992224735062e-03
3.790984774714820354e-03
3.488375187061129330e-03
1.053418966407467655e-02
1.073586189109483613e-02
6.445394974450130085e-03
7.053333280956509965e-03
1.454537001706737069e-03
1.611489054874144233e-01
5.352422510156715774e-01
1.546157049293402697e+00
1.558326262278546537e+00
