-3.299075000000000202e-01
-9.710205999999999005e-03
3.902655199999999734e-03
2.574908999999999532e-02
-2.593422000000000088e-02
-4.029897000000000340e-02
3.987300000000000046e-03
7.885352999999999243e-04
1.093509299999999990e-02
2.833418000000000395e-02
-9.603303000000000533e-03
6.880753000000000737e-03
7.659765000000001971e-04
1.772473699999999692e-03
-2.983518000000000107e-03
-1.810935900000000195e-02
-1.864275000000000307e-02
2.220111999999999780e-02
-8.647722999999999521e-03
-5.223383300000001032e-04
3.182526000000000842e-04
1.381379000000000114e-02
3.142153000000000307e-02
1.658757999999999760e-02
1.212716499999999878e-02
4.742843000000000926e-03
6.508622000000000365e-03
-3.551799999999999402e-02
-4.777346999999999844e-02
6.820761999999999312e-03
-3.594660000000000216e-02
1.876438999999999885e-02
-4.438268000000000074e-02
2.242824999999999680e-02
2.086301000000000128e-02
-5.173348199999999557e-03
1.101173699999999887e-02
-1.866435000000000316e-02
-1.070982000000000010e-02
-1.739173000000000108e-02
-9.473839999999998998e-03
7.250799999999999954e-03
6.071146000000000355e-03
-5.606240799999999587e-03
2.226395600000000141e-03
-5.605522600000000140e-03
7.874556210000001333e-03
-1.599783200000000002e-02
-4.260502000000000213e-03
-1.033497200000000130e-02
-5.097061000000000820e-03
4.632325000000000505e-03
2.013472999999999999e-02
-1.463083000000000092e-02
1.234275900000000002e-02
1.688409000000000090e-02
-2.418760000000000007e-02
-5.731009799999999856e-03
1.536700599999999903e-02
1.495859000000000251e-02
1.500583999999999772e-02
1.298516299999999879e-03
1.423645499999999856e-02
-2.277977999999999947e-03
-2.502132000000000227e-03
3.123547999999999950e-02
-1.240141000000000160e-02
-2.222894999999999732e-02
1.370470799999999947e-02
2.172635900000000064e-02
3.073804000000000120e-02
-3.088716000000000378e-02
-3.431855699999999953e-03
-1.379846300000000039e-02
-2.030392000000000308e-02
-1.108687000000000214e-02
5.179406000000001849e-03
4.880332000000000355e-04
-1.188751700000000022e-02
8.392035000000000813e-03
-8.603894000000000819e-03
-2.253493000000000163e-02
-8.407150999999999860e-03
-1.430134099999999867e-02
-1.227628599999999910e-03
-1.831269400000000089e-03
8.756273000000000181e-03
5.234500000000000437e-03
6.919315669999999592e-03
5.487836500000000881e-03
-1.625752999999999964e-03
-2.748605199999999953e-03
-3.365368500000000263e-03
3.267920600000000318e-03
5.584770000000001053e-03
-4.721731700000000517e-03
-2.138889699999999960e-03
5.108984999999999048e-03
1.103968799999999889e-02
-5.382284800000000473e-03
3.166799999999999997e-03
-2.665586199999999805e-03
-2.144855999999999846e-02
-1.437678900000000093e-02
1.012423100000000090e-02
1.131910700000000013e-02
-1.454690099999999750e-02
-9.859394599999999828e-03
1.447875699999999835e-02
2.894459999999999741e-02
-2.234711000000000336e-02
-2.825046999999999801e-03
3.104362000000001026e-04
-1.533728999999999995e-02
-8.730593999999999508e-03
-1.711880999999999819e-02
4.528190000000000513e-03
-2.818587849999999208e-03
1.629185850000000298e-03
3.473625000000000150e-03
-1.933061700000000133e-02
-2.565773000000000012e-02
1.238528999999999845e-02
5.588374000000000119e-02
1.210101900000000105e-02
2.143702999999999353e-04
1.378922999999999954e-02
9.951071000000000569e-03
5.501295960000000297e-03
-2.317380000000000134e-02
-1.541392599999999967e-02
-1.159720099999999969e-02
8.933520999999999823e-03
4.409153000000000378e-02
3.324117900000000438e-03
-1.259564399999999959e-02
4.158304999999999640e-02
8.501273499999999900e-03
-3.907955999999999756e-03
-1.428549499999999832e-03
5.115710699999999680e-03
1.448786999999999991e-03
4.823795000000000513e-03
-1.054460099999999893e-02
1.742282999999999679e-02
9.488376999999999228e-03
5.391875000000000617e-04
-2.103888000000000286e-02
4.952843999999999433e-04
-2.952753999999999796e-02
-2.075822000000000084e-02
-2.144694000000000461e-02
1.426750199999999788e-02
-6.017814700000000475e-03
-3.806012999999999757e-02
-2.700479000000000074e-02
1.873287700000000194e-03
9.930323000000001316e-03
4.546599800000000399e-03
-6.812532579999999900e-03
2.738789999999999975e-02
4.605408000000000071e-03
2.879796000000000092e-02
2.125832000000000069e-02
2.094385000000000344e-02
5.507042000000000187e-03
-2.672111999999999751e-02
9.987996999999998460e-03
8.539016000000001702e-03
1.528564300000000153e-03
-6.524258920000000454e-03
1.086660599999999914e-02
-2.564353999999999592e-03
-5.629312299999999700e-03
-2.350495000000000362e-02
-1.836705999999999755e-02
-1.016738199999999911e-02
-2.661209999999999964e-02
2.498771000000000325e-02
1.034095700000000131e-02
-3.553062000000000061e-03
7.157742999999999398e-03
1.894370000000000082e-02
1.626668999999999685e-02
5.321284000000000777e-03
-8.820293000000001618e-03
9.845493999999999774e-03
-9.234177999999999137e-03
6.625359999999999409e-03
1.743099000000000037e-02
-2.203737000000000057e-02
1.996820999999999666e-02
4.161768100000000185e-03
1.162280099999999858e-02
2.978745999999999998e-03
-2.060118999999999839e-02
-9.451645999999999312e-03
8.680313000000000265e-03
1.690903699999999916e-03
2.309960799999999630e-03
8.480991999999999698e-03
-3.922848999999999954e-04
-1.127648600000000050e-02
2.853750999999999857e-02
1.914853599999999769e-03
-4.702669400000000603e-03
-2.002223000000000197e-02
2.359156999999999921e-02
-8.923226999999999396e-05
3.732910999999999781e-03
1.990077000000000165e-02
-1.208071299999999987e-02
-5.335061549999999854e-03
-6.656947539999999441e-03
2.431792399999999597e-03
1.345899000000000054e-02
3.059668000000000739e-04
2.250564000000000037e-02
3.528320999999999541e-02
9.970743000000000661e-03
1.798274000000000053e-02
-1.368452299999999879e-02
-2.809057900000000094e-03
3.109191299999999967e-03
-8.307403999999999136e-03
-7.982880999999998964e-04
-8.782235800000001355e-03
-1.303455800000000078e-03
-7.444607800000000060e-03
1.549145199999999670e-03
-1.703571000000000252e-02
-9.740131999999998569e-03
3.970951300000000010e-03
8.800985000000000752e-03
-5.632917799999999711e-03
1.264784700000000026e-02
1.725307000000000229e-02
-3.226416000000000006e-02
-1.255771709999999909e-02
-3.318702999999999931e-02
-4.075121999999999599e-03
-1.799123099999999946e-03
1.217505099999999923e-02
6.692812999999998846e-03
2.797951099999999944e-03
-3.431134000000000180e-03
4.133562000000000347e-02
1.352018400000000106e-02
-2.152569000000000357e-02
1.137683999999999744e-02
1.827950800000000334e-02
-1.154872340000000046e-02
1.292909399999999862e-02
9.959281999999999857e-03
-3.073862999999999943e-02
-5.883094999999999644e-03
1.897475000000000203e-02
2.330500999999999753e-02
5.085505200000000649e-03
-1.812660999999999786e-02
1.588312499999999794e-02
-1.831125000000000114e-02
2.001585999999999990e-02
-2.542903000000000177e-02
-3.546893999999999048e-02
1.446895300000000141e-02
3.032974000000000434e-02
1.349898899999999943e-02
3.659349000000000109e-03
1.301831299999999924e-03
1.387404100000000015e-02
-1.341177600000000025e-02
3.031760000000000010e-02
5.949478999999999705e-03
1.892454999999999832e-02
-1.103936100000000101e-02
-7.759909999999999638e-04
-1.577986699999999951e-02
1.676268499999999939e-02
-4.033099000000000406e-02
-1.623708500000000179e-02
9.361410000000000564e-03
4.415917910000000807e-03
-9.784544699999999859e-03
-9.422327999999998913e-03
2.646179000000000239e-02
2.458355999999999736e-02
-1.060419188999999970e-02
-3.494246999999999631e-02
8.941314000000000553e-03
1.118260900000000134e-02
1.895942000000000113e-02
-8.811079000000001174e-03
4.129625999999999436e-02
-1.621758300000000069e-02
2.974430999999999603e-03
2.169464000000000288e-03
7.043015999999999166e-03
-7.462165999999999244e-03
-7.184519900000000195e-03
-3.268800000000000178e-02
-6.794541900000001036e-03
8.286224999999999494e-03
-1.017395890000000061e-03
-3.805065700000000075e-03
-2.858386499999999823e-03
1.361456199999999889e-03
1.848582000000000350e-02
1.799428000000000138e-02
1.637448000000000028e-02
-5.827520399999999365e-03
1.004038700000000088e-03
-1.114400299999999955e-02
-3.574452999999999572e-03
-1.018568999999999985e-03
-4.848067000000000348e-02
-1.712666800000000114e-02
8.182049000000000266e-03
1.527097000000000003e-02
-1.747003999999999105e-04
1.710853799999999952e-02
-1.554023699999999841e-02
8.808757000000000392e-03
-4.658410999999999455e-03
3.396566520000000259e-03
-1.336419400000000111e-02
-1.875919000000000197e-02
-2.408677000000000040e-02
7.853740999999999153e-03
3.595476999999999701e-02
-7.035417000000000406e-03
2.291543999999999873e-02
6.377914000000000153e-03
3.539881999999999751e-02
9.299115999999999632e-03
-1.534568600000000248e-02
1.918938999999999714e-02
9.954223699999998828e-03
6.620234399999999284e-03
-3.139652999999999888e-02
-3.839437999999999879e-02
-3.590611000000000497e-02
-2.149211999999999650e-02
-9.135028999999999372e-03
2.989738000000000812e-02
-7.571374999999999980e-03
2.122888999999999679e-02
2.960668999999999974e-03
-1.023443439999999899e-02
-6.204624000000000597e-03
-2.250587999999999894e-02
1.387272399999999947e-02
5.788473999999999182e-03
1.511598000000000108e-02
8.633644999999998820e-03
2.271356999999999890e-02
-2.962558999999999679e-02
-1.621687999999999602e-02
-6.438858999999999902e-03
5.262774500000000182e-03
-3.691901999999999684e-02
1.833818599999999938e-02
-3.441068000000000598e-02
7.371760999999999245e-03
-1.545710299999999982e-02
-2.467918000000000195e-02
-5.656445000000000830e-04
-2.959143000000000190e-02
-2.325833000000000067e-02
-2.591537999999999828e-02
1.211498599999999946e-02
-2.110609999999999570e-02
1.005756699999999990e-02
2.626658000000000118e-02
2.426767000000000160e-02
2.235746000000000261e-02
3.606527600000000201e-03
-3.189518499999999864e-03
-3.339440000000000464e-02
-9.260975800000001423e-03
1.466589800000000186e-02
1.292331900000000255e-02
3.023742999999999917e-02
6.425038999999998710e-03
-1.122829600000000046e-02
-2.892973300000000175e-03
-9.251753999999999187e-03
-1.137327400000000092e-02
4.902865000000000174e-03
1.511122600000000017e-02
-2.027987999999999666e-02
1.537207800000000256e-02
-1.820452000000000181e-02
-1.794899000000000190e-03
-1.053441400000000062e-02
8.762202000000000185e-03
8.164703999999998324e-03
4.277405199999998950e-03
2.849977000000000066e-02
-2.888660000000002596e-05
1.584365099999999679e-02
-8.105201099999998979e-03
-1.470475800000000006e-03
1.601977299999999757e-03
-4.179135999999999095e-03
-1.251428600000000294e-02
2.081017000000000001e-04
-6.368464600000000100e-03
-4.149037199999999585e-03
2.895382000000000164e-02
7.801321299999999619e-03
8.874503000000000599e-03
1.098102399999999722e-02
-2.455406000000000255e-02
-1.995524999999999730e-02
-8.994625900000000757e-03
-1.665369000000000224e-02
2.624922000000000019e-02
-1.738813300000000353e-02
1.671011099999999971e-02
-3.216998000000000080e-02
1.871282600000000185e-02
5.907095540000000672e-03
-2.717303999999999900e-02
1.261926100000000141e-02
-3.211132699999999594e-03
-6.245662899999999788e-03
-2.301946000000000200e-02
4.484862999999999350e-02
-3.757382000000000083e-02
5.572426890000000896e-03
2.786595099999999818e-03
6.789130999999999899e-04
-1.815975300000000157e-03
1.171734720000000216e-02
1.664971000000000159e-02
2.231541999999999987e-04
-2.504897000000000373e-02
3.371366399999999909e-03
1.360159000000000021e-02
-1.222110700000000015e-02
2.061059100000000536e-03
-6.315097000000000418e-03
6.081863660000000685e-03
-3.500931999999999655e-02
7.644359999999999567e-04
-3.152262000000000119e-02
9.387381999999999671e-03
2.299257000000000037e-02
2.921512000000000414e-02
2.469405999999999945e-03
-8.726658999999999458e-03
9.133265000000001521e-03
-1.299362100000000034e-02
-1.674259000000000164e-02
-6.769885000000000659e-03
-5.794689999999987035e-05
1.609074999999999742e-02
-4.259386700000000227e-03
1.929822199999999943e-03
1.433030099999999842e-02
-8.615967000000000417e-03
-1.446594500000000002e-03
-8.257340000000003852e-05
-1.293006699999999821e-02
9.695237999999998385e-03
-1.836108000000000184e-02
3.155992999999999993e-02
-1.446252200000000022e-02
1.332093400000000129e-02
1.597061100000000261e-02
-2.926215999999999887e-02
-1.477687199999999992e-02
1.484281160000000023e-02
5.631933000000000425e-03
1.405949500000000171e-02
-1.389995199999999841e-02
3.458136000000000543e-02
1.014748400000000175e-02
-1.393182499999999838e-02
-2.764362999999999543e-02
-3.033646999999999733e-02
-1.980396999999999713e-02
2.070173000000000152e-02
-2.803423999999999847e-02
3.134852500000000208e-03
-5.202801499999999690e-03
4.559726000000000751e-02
-7.368650000000006098e-05
-1.584831199999999982e-02
-4.333280999999999938e-02
1.420103600000000021e-02
3.268572400000000107e-03
3.897745999999999850e-02
-3.472183000000000214e-02
-2.736561999999999675e-02
-1.879792599999999952e-02
-9.014477999999999380e-03
1.826915000000000136e-02
1.672551800000000172e-02
2.677993000000000040e-02
-4.649189999999999573e-02
6.972827000000000885e-03
1.339546799999999892e-02
-2.158540999999999932e-02
-1.688382000000000077e-02
4.716326769999999377e-03
-5.866027000000000220e-03
-2.447739000000000165e-02
1.642416000000000015e-02
-3.108603999999999881e-02
7.180449999999999680e-03
1.645222399999999793e-02
1.240935899999999828e-02
2.935741999999999866e-03
1.989624999999999727e-02
1.219186999999999615e-03
3.984557000000000376e-02
1.587518399999999705e-02
6.828337999999998902e-03
8.816271199999999725e-03
-4.095335999999999768e-03
-2.551550800000000358e-03
7.319890499999999640e-03
-3.715269999999999684e-03
2.033886000000000027e-02
1.302702469999999623e-03
-1.924210999999999630e-02
-4.426338000000000147e-03
-1.300912899999999948e-02
1.981348999999999611e-02
-1.562812400000000018e-02
1.992823999999999984e-02
6.061040999999999651e-03
5.895194899999999308e-03
-3.096484000000000389e-02
3.649753599999999709e-03
-2.392721799999999836e-03
2.587084999999999385e-02
-5.210101999999999442e-03
1.091767700000000237e-02
-1.380239000000000119e-02
-1.506202099999999836e-02
-7.511085999999999934e-04
-4.340246000000000381e-02
1.108725699999999967e-02
1.832715700000000017e-02
-2.114745000000000166e-02
1.199439700000000039e-02
1.138207099999999881e-02
2.055599999999999788e-02
-1.637564999999999854e-02
-1.425448099999999940e-02
-6.743908000000001365e-04
2.072583999999999885e-02
4.655843999999999261e-02
-6.614052800000000745e-03
8.092606999999992770e-04
-4.296165600000000431e-03
-5.767611899999999618e-03
-1.447866500000000167e-02
2.326801999999999690e-02
-1.087557900000000154e-02
5.805679099999999822e-03
-1.075835699999999964e-02
-5.567403599999999619e-03
-3.124872999999999540e-02
6.507200329999999859e-03
2.549226900000000230e-03
-1.001981599999999910e-02
1.691370499999999763e-02
-1.329724800000000109e-02
-6.971577800000000776e-03
-4.302678000000000058e-02
6.668603999999999851e-03
-6.869719100000000293e-03
1.426157099999999719e-02
-3.169539999999999771e-03
-5.415730699999999481e-03
-1.333369500000000131e-02
3.412700999999999929e-02
1.239531200000000208e-02
2.122317999999999340e-03
-6.464688999999999592e-04
3.233000999999999930e-02
-2.768711999999999909e-02
-5.421502199999999119e-03
2.675983699999999639e-03
-3.319549799999999603e-03
-7.919802999999999565e-03
-5.078456599999999627e-03
-4.100500000000000672e-02
9.260341000000001793e-03
4.619733200000000067e-03
1.668465000000000226e-02
-9.885986000000001120e-03
5.692609999999998990e-03
5.808222999999999511e-03
1.137615399999999943e-02
-1.280235499999999790e-02
2.811604000000000186e-02
-2.207973000000000227e-02
-9.202849999999998531e-04
-1.565575800000000312e-03
-6.353285000000000616e-04
7.815016500000000754e-03
2.417988999999999729e-03
5.021550400000000629e-03
2.138424900000000187e-03
1.287271459999999885e-03
6.173258000000000044e-03
2.470887000000000083e-02
1.654245000000000021e-02
1.878518000000000202e-02
2.685520000000000268e-02
2.110479000000000174e-02
1.034352799999999940e-02
-2.369993999999999920e-02
5.770387999999999559e-03
-3.635119999999999324e-02
-2.841873000000000316e-02
-1.325202500000000061e-02
4.108473100000000107e-03
9.708959999999999119e-03
1.009713700000000082e-02
-1.668247999999999997e-03
-4.555392000000000469e-02
6.706449999999998350e-03
-1.413497100000000138e-02
7.945492000000000180e-03
9.162405999999999676e-03
-1.919186000000000156e-02
-2.575569000000000469e-02
5.635152000000000043e-03
1.908398300000000228e-02
-2.278115000000000348e-02
-7.943079000000000459e-03
8.863010999999998548e-04
-3.179310000000000469e-02
2.647182000000000007e-02
-6.435829999999998722e-04
2.952379099999999802e-03
2.443016639999999722e-03
2.259490999999999930e-02
-1.929408999999999638e-02
6.792816900000000005e-03
4.818125900000000232e-03
8.788265999999999439e-03
1.387178199999999917e-02
-4.540236999999999810e-04
-2.314304999999999835e-02
-1.472388499999999732e-02
-2.481847999999999693e-02
-6.823437999999999379e-03
5.898319999999999258e-02
-4.766356999999998845e-03
-1.148573999999999949e-02
5.554997729999999571e-03
-9.893722999999999667e-04
1.674119199999999849e-02
-4.351540599999999433e-03
-1.483755900000000103e-03
5.886722799999999887e-03
7.024781000000000775e-03
8.610537000000001440e-03
2.283297999999999925e-02
1.133905200000000224e-02
1.074854899999999960e-02
-6.877011099999999315e-03
-1.038874000000000221e-02
-1.608539000000000193e-03
-6.285000000000057563e-06
1.793626899999999774e-02
4.902020299999999657e-03
-2.633420999999999505e-03
3.063946599999999888e-03
-2.972619999999999776e-02
3.605843999999999716e-02
-1.874010999999999733e-02
1.278305399999999856e-02
6.476779000000000217e-03
-1.144592900000000052e-02
-1.302311199999999815e-02
-1.619980000000000031e-02
-8.490828000000000611e-03
-1.261350600000000002e-02
-2.099780999999999870e-02
-2.383864999999999942e-02
1.093782300000000103e-02
-1.171733299999999992e-02
-9.660540000000000446e-03
1.573698999999999931e-02
1.211015999999999829e-02
7.428280999999999253e-03
6.645932000000000228e-03
4.503125999999999657e-03
-9.200418000000000138e-03
3.718661100000000309e-03
-8.450235000000005806e-04
-1.587346699999999874e-02
-1.847332100000000088e-02
1.385724500000000024e-03
1.029442499999999941e-02
6.590207900000000577e-04
-8.058571999999998223e-03
1.765285999999999939e-02
6.212603999999999176e-03
-1.855346500000000162e-02
-2.585049999999999848e-02
1.323641899999999927e-02
-1.218034299999999973e-02
1.278418299999999931e-02
1.717824999999999908e-02
3.828744000000000591e-02
1.140108000000000094e-02
1.678249799999999986e-02
-9.860192000000000262e-03
-1.605590000000000142e-02
-1.924153999999999795e-02
7.557406000000000020e-03
-2.106061899999999657e-03
-3.680444000000000163e-03
2.924788210000000242e-03
2.526155000000000067e-02
-8.094592000000001147e-03
9.873731000000000174e-03
-1.324045399999999872e-02
-9.820229999999999237e-03
-1.916652800000000299e-03
1.081223099999999854e-02
4.631675800000000301e-03
1.788335999999999745e-03
-1.883212399999999913e-03
-3.078830999999999755e-03
-9.276329999999999298e-03
8.704831999999999154e-03
3.302485000000000837e-02
-1.312786699999999793e-02
-1.464827999999999963e-02
9.225066000000000516e-03
-1.501992999999999731e-02
1.012487400000000072e-02
1.825494000000000422e-02
-2.984786299999999792e-03
-1.118353499999999792e-02
-2.306226999999999583e-02
-1.514805199999999866e-02
-2.230001999999999679e-02
1.071022100000000067e-02
-2.488862000000000019e-02
5.103825200000000270e-03
-8.253624399999999472e-03
-2.672279000000000321e-02
3.070772000000000085e-02
-4.586081000000000532e-03
-5.289232399999998883e-03
4.878356999999999832e-03
1.345591900000000195e-02
5.401735999999999864e-03
-9.412001999999999174e-03
2.614467300000000195e-03
2.165260000000000101e-02
1.450018200000000035e-02
-3.642771000000000160e-04
-1.711833999999999925e-02
-4.716708699999999817e-03
-1.940040700000000102e-03
5.608811000000000005e-03
6.719071000000001806e-03
6.169576000000001267e-03
-5.807534999999999954e-03
-8.530664000000000302e-03
5.703086000000000440e-03
1.622320799999999851e-03
2.679649200000000162e-03
1.357282899999999893e-03
4.067129799999999462e-03
5.531020000000001074e-03
1.976171789999999536e-03
5.943922999999999394e-03
9.340018000000002013e-03
1.936723219999999775e-03
6.263980999999999195e-03
1.303791500000000061e-03
-1.416073046000000148e-03
-4.211957000000000548e-03
-2.859393039999999844e-03
6.124705000000000253e-03
4.067892999999999509e-03
-2.267155000000000212e-02
2.301368999999999637e-02
5.077772100000000829e-03
-6.110644100000001480e-03
3.045955700000000169e-03
1.174828199999999878e-02
-2.809554599999999902e-03
1.470020300000000023e-02
6.105446999999999957e-03
3.536057600000000641e-03
4.544190200000000103e-03
8.347613000000000255e-03
4.335893039999999359e-03
-6.890711599999999222e-03
1.472795799999999933e-02
1.111794500000000104e-03
-2.356623999999999872e-02
1.776338599999999907e-03
-4.601571299999999282e-03
1.394759000000000103e-02
2.110611000000000084e-02
1.398405999999999781e-02
4.501595999999999202e-03
2.182933999999999569e-02
2.073681000000000135e-02
1.708478999999999901e-02
-1.501137000000000131e-02
3.936842999999999593e-02
1.891036200000000000e-02
-2.147194999999999659e-02
3.690031000000000561e-02
1.743038200000000121e-02
-8.885750000000001286e-03
1.638884999999999995e-02
3.242704000000000419e-02
2.118953000000000503e-02
2.631530999999999888e-03
1.631975999999999913e-02
-2.842216000000000187e-02
4.576500000000000012e-02
3.296501999999999766e-02
4.599215000000000247e-03
3.641132999999999956e-03
1.049791200000000074e-03
-3.212486999999999981e-02
-3.218330999999999970e-02
1.825018000000000126e-02
-2.167929000000000037e-02
5.818395556000000024e-03
3.287050000000000388e-02
-3.012850000000000250e-02
-5.585071000000000480e-02
1.515983999999999943e-01
-2.039351000000000011e-02
-5.663831999999999894e-02
2.040778999999999857e-02
2.253319499999999892e-03
-6.161960999999998786e-03
-1.021290000000000045e-02
1.586167699999999764e-02
-3.901062999999999059e-02
5.655544000000000196e-03
-9.493257000000001472e-03
-7.427788999999999746e-03
-3.480457399999999871e-03
1.290655400000000497e-03
-2.950326000000000337e-02
1.527788799999999989e-02
-5.388324999999999365e-02
-5.402001400000000161e-03
1.095381200000000027e-02
-4.004472749999999845e-03
-7.964361000000001398e-03
-2.796451999999999966e-02
-2.328268000000000351e-02
-3.905598000000000576e-03
3.583348000000000089e-02
4.095453700000000440e-03
-4.036581000000000023e-03
-8.687847000000001318e-02
-6.133424999999999294e-02
1.823693779999999848e-03
-2.798425200000000286e-03
-3.111945800000000349e-03
-1.410853999999999928e-02
4.765217000000000758e-02
-3.611170268999999711e-03
2.248899000000000037e-02
-2.749829000000000162e-02
1.995983300000000321e-03
-3.546900000000000053e-02
-3.860195999999999072e-02
-4.269325000000000203e-02
5.418973999999999146e-03
1.491185999999999900e-02
-7.790619000000001231e-03
-9.934771000000000227e-03
-2.592231999999999870e-02
4.921338000000000795e-02
-1.019456399999999971e-02
-2.447924999999999754e-02
3.634309999999999624e-02
-1.596059000000000019e-02
-2.486866000000000076e-02
-3.670036999999999605e-02
-2.353821999999999859e-02
5.803963999999999998e-03
-1.412350100000000011e-02
-6.054951399999999526e-03
-2.563699900000000059e-02
-3.154210999999999820e-02
3.639130000000000142e-02
2.389681999999999744e-03
1.073543499999999803e-02
3.915302999999999839e-02
-5.311320000000000624e-02
5.839117000000000439e-03
-4.511943299999999699e-03
8.387811999999999699e-03
4.337127000000000343e-02
2.968982999999999345e-02
-3.774726799999999355e-03
-2.215508000000000061e-02
1.475580599999999978e-02
-5.129300999999999305e-02
-1.539056800000000074e-03
2.998577999999999660e-02
2.861368000000000418e-04
1.898058000000000037e-02
2.669508999999999771e-02
-4.622642999999999891e-02
-2.931403999999999607e-02
6.846784999999999330e-03
-3.294153000000000359e-02
2.264333199999999519e-03
4.112442999999999654e-02
4.191457900000000736e-03
-1.934268000000000098e-02
-8.293878999999998794e-03
-1.516189000000000078e-02
-1.350092199999999854e-02
-9.248215000000000602e-03
-4.026657700000000131e-03
2.912460000000000049e-02
-4.406924000000000431e-04
7.979322000000000715e-04
7.536861999999999728e-02
-1.172994399999999909e-02
-3.700805999999999540e-02
4.799989000000000165e-03
-1.801583000000000004e-02
-2.948895999999999809e-02
-7.040607999999999415e-03
-1.416074600000000183e-02
-1.607703799999999836e-02
6.064330500000000325e-03
-1.403352099999999845e-02
7.197590000000000932e-02
4.863077000000000372e-02
-3.701188299999999456e-03
3.016295000000000087e-02
2.141271999999999967e-02
-3.016756000000000298e-02
9.461090999999999598e-03
-3.236548220000000538e-03
-1.503265999999999977e-02
-1.450446000000000027e-02
-1.178304299999999999e-02
2.319767999999999830e-02
3.987179000000000417e-03
1.622078000000000061e-02
-5.220726600000000391e-03
1.142766700000000073e-02
-5.768251999999999755e-03
-5.628300000000001010e-03
-8.512421000000000917e-03
1.320021980000000202e-03
7.465036700000001087e-03
-1.885609699999999484e-03
4.185698000000000196e-02
1.763600400000000026e-02
2.456686000000000286e-02
-6.365676400000000804e-03
4.040484399999999705e-03
8.799213800000000446e-03
-5.883892000000002110e-04
-4.099599800000000051e-03
-1.374259329999999966e-02
1.865278000000000162e-03
-5.039442199999999948e-03
4.725110000000000247e-03
-7.638373699999999322e-03
4.545615599999999583e-03
2.576325999999999963e-02
2.086888999999999758e-02
4.081182000000000039e-03
2.023396000000000222e-02
-3.521888000000000102e-02
1.775923100000000032e-02
1.071867649999999790e-03
1.317959099999999918e-02
-1.595962999999999896e-02
-2.797533000000000051e-03
-1.777010999999999868e-02
8.710890999999998385e-03
1.296766799999999817e-02
1.523509300000000163e-02
-1.615533000000000247e-02
-1.364897999999999979e-02
-1.179770499999999687e-02
1.736022000000000259e-02
1.735123800000000147e-02
1.594806899999999875e-02
-1.471883400000000355e-02
-4.158259400000000224e-03
1.851821900000000330e-03
1.171693499999999777e-02
-2.634650000000000533e-02
9.589442999999999578e-03
1.348980499999999881e-02
-2.302367999999999776e-02
-1.061576799999999939e-02
1.605289000000000368e-02
-3.281854600000000486e-03
9.909574000000000854e-03
-3.064029999999999879e-02
2.604043999999999803e-02
1.201242000000000108e-02
2.053205000000001088e-04
-4.213458000000000654e-03
-2.247425999999999851e-03
5.701198000000000203e-03
7.670732750000000891e-03
1.163353200000000198e-02
-1.903796999999999781e-02
9.277897999999999701e-03
-1.481432000000000235e-02
-1.131989269999999874e-02
1.900576999999999822e-02
-1.329979700000000252e-03
-6.263610000000000184e-03
-5.022808200000000202e-03
6.164837000000001135e-03
-2.097759899999999695e-03
7.293430000000000919e-03
-2.763600000000000084e-02
5.148729990000000707e-03
1.911516999999999730e-02
-4.010619999999997864e-05
9.270712000000000397e-03
-9.384924999999999257e-04
-1.649735999999999564e-02
-3.490664999999999740e-02
6.988137700000000840e-03
-2.596057700000000378e-03
1.274304600000000266e-02
-9.907954999999999540e-03
-3.992724000000000967e-02
-8.662664999999998214e-03
4.990067999999999197e-04
-1.397311099999999986e-02
-2.318082999999999949e-02
-8.235778810000000255e-03
-8.778863999999999071e-03
8.909499999999949849e-05
-4.010384999999999991e-04
-4.705333999999999905e-02
2.096649000000000342e-03
-3.117202000000000514e-02
7.383775999999999881e-03
5.332373300000000163e-03
-2.325540000000000246e-02
-5.211868799999999982e-03
3.816727000000000314e-02
9.402664999999999287e-03
-9.273654999999996970e-03
-4.389070000000000124e-03
1.112361800000000005e-02
-7.918780999999999737e-03
-8.120438400000000792e-03
-9.700194999999998263e-03
3.777076000000000044e-02
1.459917799999998025e-04
1.400378099999999813e-02
6.278118000000000587e-02
-2.424982399999999622e-02
-9.757510000000000489e-03
3.888522730000000711e-03
-2.580769000000000118e-02
1.703024499999999941e-02
-4.024202999999999808e-02
1.520282199999999952e-02
-2.601962000000000372e-02
-5.166531199999999449e-03
-2.996990999999999891e-02
-1.741586300000000018e-02
1.683949000000000123e-03
8.494809100000000335e-03
-2.618762999999999647e-02
-1.820490599999999987e-02
-1.426003199999999974e-03
1.207219199999999895e-03
7.194127690000000526e-03
-7.231121000000000076e-03
-1.502158799999999891e-02
-1.890446000000000140e-02
-1.729782599999999879e-02
1.990073599999999873e-02
3.379795070000000262e-03
-1.182864600000000169e-02
1.150561200000000013e-02
-3.553148999999999891e-02
1.965522000000000102e-02
-3.206314000000000386e-02
-2.929696999999999857e-02
1.155845580000000074e-02
1.343614899999999966e-02
-1.321734800000000029e-02
-1.641081399999999926e-02
-2.275700000000001268e-04
-1.560051499999999969e-03
-2.362220599999999976e-02
1.513309000000000182e-02
-1.817834999999999633e-03
-8.051362100000000743e-03
-1.356627800000000106e-02
-3.199829599999996473e-04
-7.896234000000000239e-03
-1.457060999999999946e-03
-1.019553769999999998e-02
1.450899400000000075e-02
-2.459015000000000506e-02
-2.335933000000000107e-02
-2.358771999999999432e-03
1.694660699999999548e-02
-1.360053999999999950e-02
3.907419999999999990e-03
-6.453064999999998498e-04
-1.108837400000000153e-02
4.533002999999999859e-03
1.651726199999999783e-02
-1.959293999999999879e-03
1.316226700000000006e-02
1.137069000000000317e-03
-5.472785000000000150e-02
1.862336000000000243e-03
-7.787889699999999901e-03
3.040260999999999658e-02
1.073297699999999945e-02
-1.416156000000000337e-04
-5.220190600000000625e-03
1.412800599999999851e-02
-1.946090800000000245e-02
-1.922228000000000131e-02
1.208230599999999925e-02
5.340559999999999405e-03
-3.188650999999999985e-02
-4.521321999999999494e-03
9.439816999999999653e-03
1.233872100000000041e-02
-7.542822200000000310e-03
2.724368999999999749e-02
2.168961999999999626e-02
-2.557533399999999991e-03
-1.443629299999999761e-02
-3.086013100000000332e-03
4.336558299999999574e-03
-3.162257899999999788e-03
1.393917799999999999e-02
1.083880794000000036e-02
2.124672000000000192e-03
1.418961999999999958e-03
-2.531996999999999720e-02
2.887116500000000072e-03
1.364522199999999852e-02
3.099923699999999893e-03
-9.795520999999999742e-03
1.825670719999999969e-02
-2.602356000000000114e-02
1.403888400000000147e-02
1.956843000000000471e-02
1.971635000000000054e-02
-1.883391999999999705e-02
1.020752300000000133e-02
2.703040999999999777e-02
7.589945560000000216e-03
2.280236999999999889e-02
-1.126517052999999845e-02
5.298004999999999728e-03
2.071578999999999782e-02
2.122380999999999920e-02
-4.562038999999999678e-02
8.730860000000000010e-03
4.759654000000000315e-03
4.499517000000000794e-02
2.269124999999999961e-02
3.729417680000000380e-03
1.255069999999999797e-02
6.810410000000003121e-05
1.976258800000000107e-03
1.020237490000000177e-02
-2.569993500000000014e-02
-4.101118999999998904e-02
-1.253051499999999988e-03
-2.801609999999999864e-02
1.285101700000000104e-02
1.011837100000000100e-02
-1.301268799999999969e-02
1.917477000000000070e-02
-5.589384000000000192e-03
3.017385999999999679e-02
5.257095000000000518e-02
-1.311943939999999850e-02
-4.573561999999999073e-02
-2.661459000000000047e-02
-2.760274000000000408e-02
1.381904199999999840e-02
-3.876676000000000427e-02
3.164582999999999979e-02
1.285165100000000039e-02
3.375467199999999945e-02
-7.530486080000000845e-03
-2.963390000000000121e-02
1.493643100000000001e-02
-4.052927999999999045e-03
-4.940377600000000341e-03
-3.316747000000000445e-02
3.299500000000000512e-05
-2.390178999999999568e-02
2.010854999999999587e-02
-1.204185899999999851e-02
7.740118999999999949e-04
7.411331000000001903e-04
-1.019270600000000103e-02
2.141180300000000009e-03
2.519929399999999882e-03
-1.857238999999999678e-03
4.170625999999999327e-04
-1.185094800000000004e-02
-8.554439999999999961e-03
1.066620600000000099e-02
1.101855800000000121e-02
2.075466999999999937e-02
-4.197772000000000656e-03
-1.229576309999999909e-02
8.277292799999998868e-03
-1.945337000000000108e-02
2.062666000000000326e-03
-3.939404000000000516e-02
9.420877999999998850e-03
1.619923699999999828e-02
4.312084999999998836e-02
7.476687000000000090e-03
-6.562534000000000423e-02
2.044424499999999978e-02
-8.945142000000000371e-02
1.067495000000000076e-02
-8.938099999999999171e-03
1.091254600000000040e-02
1.657009899999999786e-02
-2.904876999999999460e-02
-3.819175999999999821e-02
1.133579500000000094e-02
2.395190999999999987e-02
1.868452599999999991e-02
6.231519000000000641e-02
2.817989000000000344e-03
2.747884999999999391e-03
2.649266000000000121e-02
-6.080981000000000060e-03
1.735060899999999948e-02
8.405435000000000814e-04
-2.093939000000000217e-02
-2.951173000000000338e-02
2.783614999999999701e-02
-7.245437799999999810e-03
-4.324523999999999729e-03
-1.146303800000000005e-02
4.301517999999999835e-03
1.499246400000000048e-02
4.604736999999999025e-02
7.776357000000000234e-03
-1.440274600000000056e-03
1.675955000000000153e-02
2.334160000000000054e-02
1.312722729999999879e-02
-1.828621999999999886e-02
-1.735358599999999724e-02
1.135167440000000097e-02
7.783574999999999175e-03
-5.243360000000001075e-02
-2.164194199999999735e-02
1.200469399999999978e-02
-3.263528009999999875e-03
1.452229799999999946e-02
-2.110579800000000200e-02
2.399560999999999708e-02
1.050539770000000032e-02
-1.520879999999999975e-02
-1.913869099999999934e-02
3.735959000000000502e-02
-4.996503000000000749e-02
-9.949592999999999632e-03
3.120591000000000337e-02
-7.000006100000000057e-03
4.174276000000000375e-02
2.335108100000000270e-03
8.526904900000001689e-03
-7.589976999999999488e-03
1.842049299999999959e-02
8.896190399999998402e-03
-1.657848500000000044e-02
-1.946587000000000317e-02
7.440092000000000580e-03
-6.565084100000001879e-03
5.379023000000000138e-03
2.298587000000000199e-02
-4.322069799999999837e-03
2.172504000000000449e-02
2.463477900000000248e-02
1.186887429999999855e-02
-1.025350600000000077e-02
-1.612661200000000197e-02
-1.192440499999999903e-02
1.869069999999999759e-02
9.318294999999999009e-03
8.533526000000001346e-03
1.494278099999999873e-02
-1.909728120000000031e-03
-6.407555299999999343e-03
6.635934209999999611e-03
-7.787080999999999517e-03
-1.746875299999999659e-02
2.200803999999999955e-02
-1.527816500000000154e-02
4.665333000000000674e-02
-1.197624400000000047e-02
-1.027359399999999978e-01
5.217051000000000327e-03
-1.640079399999999979e-02
4.204670000000000629e-03
-5.109674999999999287e-04
-2.036458399999999808e-02
-2.682975000000000290e-02
1.486605900000000091e-02
-2.354856300000000326e-03
1.861472900000000390e-03
-2.016875900000000138e-02
1.465815999999999820e-02
9.017657000000001838e-03
-2.174020000000000119e-02
9.186691999999999775e-03
1.530648699999999883e-02
2.741238999999999829e-02
-1.803375999999999937e-02
3.046035999999999883e-02
8.478545000000000526e-03
-2.496974000000000068e-02
2.315931700000000044e-03
-4.503943500000001307e-03
-1.754468999999999820e-03
-1.634071399999999881e-03
-2.619764899999999994e-03
-5.647442000000000434e-02
-9.970960999999998672e-03
4.407826999999999579e-02
6.937836000000000176e-03
-9.063876000000000224e-03
9.341529999999997414e-04
1.358330399999999744e-03
-3.432285999999999671e-02
1.136326700000000155e-02
4.207732299999999287e-03
6.459183999999999759e-03
-2.886020999999999725e-02
-1.633197000000000121e-02
5.059692999999999656e-03
-4.744406599999999828e-03
-1.376256200000000075e-02
-1.451582499999999887e-01
-3.260670999999999708e-02
1.638349300000000244e-02
3.820057000000000400e-03
-8.256247999999999018e-03
1.163117999999999964e-02
-1.977477500000000138e-02
6.522224099999998810e-03
1.090431600000000070e-02
1.432531899999999955e-02
3.285265400000000023e-04
2.905748499999999835e-03
-8.116078000000002263e-03
-4.208187000000000386e-03
-3.945118499999998932e-03
-1.351726100000000264e-02
1.216394699999999961e-02
5.851938899999999111e-03
-8.886964000000000452e-04
7.588389899999999078e-03
-1.574706000000000022e-02
6.580269000000001436e-03
3.909922999999999871e-02
5.662570999999999924e-03
-2.195977600000000203e-03
2.512654799999999855e-03
-1.104803100000000373e-03
1.105421300000000197e-02
-2.638652999999999832e-02
-1.026531900000000191e-02
4.087997000000001199e-03
-1.090686599999999944e-02
1.730009999999999534e-02
4.225500000000000089e-02
-3.523352999999999902e-02
-7.829349999999998810e-03
2.042768000000000014e-02
-5.627498399999999144e-03
2.670638000000000178e-02
2.069492600000000238e-02
2.227209000000000133e-02
2.372735000000000122e-02
-5.695509000000000682e-02
-3.433179999999999565e-02
-4.477294299999999387e-03
2.638866999999999602e-02
-4.508003119999999531e-03
8.557124499999999023e-03
-5.127492000000000855e-03
-8.672383199999999723e-03
3.937123999999999485e-02
3.469201469999999739e-03
5.307259999999999062e-02
4.852281000000000649e-02
-4.316792300000000387e-03
-8.362901000000000709e-03
-3.887044600000000294e-03
-1.941481000000000109e-03
-9.170521999999998661e-03
-2.141457000000000083e-02
-5.675890000000000275e-03
-1.128764049999999783e-02
1.507041899999999809e-02
2.480763999999999886e-02
-1.911833999999999756e-02
-4.124682097999999783e-03
1.867980999999999808e-02
-3.118633999999999989e-02
-1.160891881000000216e-02
-2.208630240000000050e-02
-1.836837000000000192e-02
4.044354000000000698e-02
-9.445300000000000223e-03
-3.514251000000000180e-02
2.948509400000000769e-03
-4.676326599999999951e-03
6.958492000000001017e-03
1.219750699999999979e-02
5.424679400000000096e-03
5.695608000000000615e-02
3.360747999999999513e-02
1.217925600000000115e-02
8.994832999999998954e-03
2.927449999999985668e-05
6.216704000000000674e-02
-6.999065699999999432e-03
1.657278500000000307e-02
2.331729999999999914e-02
-2.487566039999999923e-03
5.543731800000000799e-03
7.205310999999998967e-03
3.586987700000000053e-03
-1.148659000000000069e-01
2.123119999999999868e-02
-1.455484500000000202e-02
7.049689400000000612e-03
-2.750649999999999970e-02
-6.498943999999999555e-03
-4.533747000000000471e-02
-7.469643000000000636e-03
1.138279200000000095e-02
-1.643423200000000001e-02
1.176644980000000115e-03
4.072348000000001892e-04
8.360206399999998636e-03
1.887331999999999552e-02
-2.237006999999999884e-02
1.120335700000000059e-02
-3.275227999999999386e-03
1.064021399999999853e-02
2.432536000000000073e-02
5.094950000000000000e-03
-1.297041499999999903e-02
9.072121000000000698e-03
-4.000197000000000475e-02
1.163017099999999818e-02
-1.584880999999999031e-04
8.803480999999998419e-03
1.922337999999999825e-02
1.447019999999999904e-02
-3.239764000000000532e-02
-1.414523199999999717e-02
7.021067800000000900e-03
-4.771784999999999916e-02
-5.155960999999999878e-02
-1.480631400000000184e-03
2.062368599999999524e-02
2.267209999999999972e-03
3.108255400000000529e-02
-5.702523999999998530e-04
8.002979999999999816e-03
1.187450300000000153e-02
-1.653940100000000218e-02
-8.246069999999999789e-02
8.077911000000001854e-03
2.804530000000000217e-02
-2.217536999999999980e-02
-2.424304999999999863e-02
1.207094400000000012e-02
-2.004928900000000139e-02
-7.459715000000000443e-03
9.339000000000000079e-03
-2.530956000000000004e-03
-5.493981000000000212e-03
-1.669604899999999753e-02
-1.122185200000000091e-02
6.080548300000000392e-03
-1.149197599999999923e-02
4.083524000000000181e-02
-1.129085149999999906e-02
-7.612693800000000510e-03
-1.390981799999999914e-02
-2.424081000000000152e-02
1.267190400000000119e-02
2.182984599999999997e-03
-2.511752999999999902e-02
4.004379999999999745e-02
1.623892199999999938e-02
-5.083641100000000322e-03
-9.769413999999998835e-03
3.717005000000000222e-03
2.434681749999999777e-03
-1.611922099999999608e-02
-1.634079700000000065e-02
-4.655818699999999741e-03
-9.642239299999999166e-03
7.793399000000001201e-03
1.105297300000000066e-02
-1.492568800000000119e-02
-1.356903199999999997e-02
-4.568192999999999039e-03
-7.186256000000000588e-02
2.903841000000000408e-02
-2.512024199999999749e-02
-1.843355199999999888e-02
-1.217070729999999990e-02
3.412389999999999868e-02
-4.302546999999999622e-02
5.674896400000000590e-03
1.458406200000000007e-02
2.443501220000000255e-03
3.706626000000000365e-02
-1.661064799999999869e-02
-2.172495900000000202e-02
-9.862364000000000200e-03
6.903030000000001665e-02
-1.503053899999999901e-02
-8.947158000000000194e-03
-1.489665900000000133e-02
-1.383066500000000067e-02
-6.239765000000000589e-02
-4.353358000000000227e-02
-3.045173200000000045e-03
-5.805721999999999966e-02
1.019537700000000026e-02
1.157558000000000198e-02
2.576095999999999941e-02
-7.265577999999999967e-03
-2.189949000000000409e-02
-1.145639769999999905e-02
-1.063698699999999879e-02
3.512147699999999990e-03
5.767154000000000030e-02
-2.126391999999999866e-02
7.951105000000001713e-03
-3.505972000000000255e-02
4.925309699999999916e-03
-1.093653299999999828e-02
-6.330233779999999699e-03
1.794665499999999886e-02
-1.372368999999999950e-01
1.095206999999999951e-02
-1.864316899999999763e-02
-1.179081000000000053e-02
-1.448053499999999924e-02
2.322276999999999675e-02
-3.381084000000000173e-02
-5.778352700000000293e-03
2.607745376000000087e-03
-1.124848799999999920e-02
2.588400600000000020e-03
-6.698781900000000747e-03
7.191575999999999871e-03
-2.529683999999999822e-01
2.614878999999999815e-02
3.250545999999999124e-03
1.044401300000000025e-02
2.752622999999999528e-02
-7.288646200000000255e-03
1.929927000000000031e-02
-2.192335999999999591e-02
-2.156285599999999830e-02
9.322618000000000571e-02
-8.539692999999999243e-03
7.214770000000000991e-04
-2.446013799999999759e-03
-1.040591100000000033e-02
6.158873499999999342e-03
9.433851000000000042e-03
3.003913999999999890e-02
-2.489829000000000001e-02
-1.514590100000000328e-02
-4.909230000000000538e-03
-3.166217800000000523e-03
-3.830115490000000032e-03
-3.024856559999999743e-03
-6.399456999999999889e-03
-2.148256000000000124e-02
-1.450813400000000239e-02
2.395167999999999950e-02
-4.436756699999999838e-03
1.505703200000000144e-02
3.856183000000000440e-03
1.669903699999999991e-02
7.027199900000000339e-03
1.837111599999999983e-02
-1.079279100000000158e-01
1.221974379999999846e-02
-3.155369999999999573e-04
-2.158436500000000119e-02
2.344805999999999974e-02
-1.225911099999999962e-02
1.623256899999999878e-03
-3.319428300000000671e-03
1.814574000000000048e-02
-1.451634999999999189e-04
-3.504312999999999872e-02
1.071415999999999948e-03
1.142293399999999917e-02
1.839189999999999575e-02
-1.469022999999999857e-02
-1.924519000000000229e-02
6.736813999999998956e-03
-5.598153999999999283e-03
1.020914399999999986e-02
9.243947000000000622e-03
2.032868289999999883e-02
8.969226000000000282e-03
3.630628299999999996e-03
-1.880046999999999621e-02
-3.842742000000000380e-02
3.323782499999999689e-03
9.854487000000002050e-03
1.216275699999999974e-02
-1.899378000000000177e-03
3.253099999999999742e-02
6.030687000000000287e-04
-6.252590400000000714e-03
3.363468000000000707e-02
1.945890800000000089e-03
4.876886999999999889e-02
3.422893999999999937e-02
1.378988499999999826e-02
5.585369000000000618e-03
1.482867499999999950e-02
1.772079000000000015e-02
3.306206000000000422e-02
1.138165100000000131e-02
2.666388999999999912e-03
-8.399625000000000841e-03
1.430558070000000070e-02
-2.928835999999999593e-02
1.134163300000000027e-02
5.905623999999999943e-03
5.124856999999998289e-04
-2.785964000000000149e-02
-6.040827999999999823e-03
-1.961234000000000068e-03
-2.133099999999999927e-02
-2.495196000000000219e-02
-5.493432999999999650e-02
5.574951000000000212e-02
1.868096999999999813e-02
2.061481999999999898e-02
-7.898651000000001324e-03
-1.213154599999999826e-02
-7.688969000000001226e-03
3.444117600000000216e-03
-1.491984699999999650e-02
-4.950504000000000536e-03
-3.233530999999999992e-03
-5.644158380000000898e-04
1.486916999999999753e-02
-2.625022080000000407e-03
-2.738310809999999675e-03
4.873465299999999237e-03
-3.351127999999999746e-02
-3.378123999999999168e-04
1.211534699999999853e-02
-7.665400999999999422e-04
-3.476028899999999804e-03
1.470729400000000096e-02
3.372879999999999542e-03
8.434206999999999121e-03
-6.766122159999998775e-03
-8.033066000000000165e-03
-4.832560000000001585e-04
6.265686799999999751e-04
4.506534999999999231e-04
-5.811310999999999560e-03
-4.804754700000000295e-03
-3.502905500000000338e-03
5.721905000000000220e-03
-4.546038999999999983e-03
-1.243406399999999988e-02
-6.092048999999999555e-03
6.073046000000000347e-03
-2.767331000000000651e-02
4.257655000000000814e-03
2.524980000000001022e-05
-1.952223499999999846e-03
7.980233999999999462e-04
7.931922500000000709e-03
-5.106281000000000708e-03
7.290678999999999563e-03
4.269700599999999742e-03
-1.076447299999999793e-03
-1.520020800000000324e-02
2.110694999999999585e-02
6.687674700000000895e-04
-1.501920299999999790e-03
1.492732999999999907e-02
1.011011200000000096e-02
-1.214762499999999870e-02
-5.478287599999999424e-03
-4.393867999999999559e-03
-1.890058399999999719e-03
-1.713214320000000165e-02
1.777735000000000079e-02
4.219679900000000358e-03
-1.530843000000000134e-02
-6.352866999999999889e-03
-4.881737999999999182e-03
-8.435525000000001009e-03
-6.631115199999999994e-03
-1.850765000000000049e-02
2.352679999999999702e-02
-2.654234999999999928e-02
1.405177999999999983e-02
1.609116899999999935e-03
-7.136490000000000888e-02
3.893581999999999599e-02
-6.911765000000000270e-03
-8.739005200000000279e-03
9.334295000000001133e-03
-8.528419999999998363e-03
2.350110000000000046e-02
-9.735279999999998934e-02
-3.073042000000000135e-02
-3.291469999999999813e-02
1.089861800000000054e-02
1.017275700000000102e-02
6.420182999999998752e-02
9.326247799999999588e-03
6.033488000000000046e-02
2.619470999999999952e-02
2.427177999999999974e-02
4.159750000000000253e-02
4.740376999999999785e-02
-2.860241999999999646e-02
4.423890800000000907e-03
2.365102100000000037e-03
1.050390759999999916e-02
-6.163068934999999145e-03
1.982261700000000071e-02
9.187696000000000404e-03
1.411613999999999924e-02
1.224050499999999875e-02
1.340586300000000050e-02
-7.845808899999999128e-03
2.948533000000000577e-03
1.536558000000000021e-02
-5.435251999999999792e-03
3.932394999999999641e-02
-8.276585200000002168e-03
-5.887474999999999653e-02
1.433298299999999879e-02
-2.182724000000000469e-02
1.836483600000000244e-02
4.155761999999999651e-02
3.695705999999999991e-02
-2.201290999999999751e-03
-1.355116699999999764e-02
2.230699000000000223e-02
1.177503299999999725e-02
2.424055999999999954e-03
7.781249100000000099e-03
-1.998324900000000154e-02
2.100586999999999940e-02
1.143771700000000002e-02
-1.828921979999999919e-02
7.081652999999998518e-03
8.333339999999999845e-03
-7.957795999999999620e-03
2.571923999999999738e-02
3.650731000000000115e-02
5.269071299999998972e-03
-1.716426100000000010e-02
-3.027285000000000739e-02
7.981228999999999407e-03
-1.520868499999999957e-02
1.266509700000000016e-02
3.971096000000000348e-02
4.779140999999999945e-02
1.742314000000000015e-02
7.676621999999999266e-03
-1.936405999999999891e-02
-4.256607299999999594e-03
2.888695000000000151e-02
6.921768999999999838e-02
-3.693525999999999927e-03
-1.549148399999999981e-02
-2.233359000000000039e-02
1.276764459999999921e-02
2.075663999999999981e-02
-7.251643999999999798e-03
-2.217720000000000108e-02
-7.380229010000000263e-03
-3.509876999999999442e-02
7.204236000000000147e-03
-1.386025000000000174e-01
1.226909800000000085e-02
-2.376793000000000308e-02
1.591069999999999637e-02
6.422047999999999646e-02
3.276459999999999789e-02
3.306589000000000056e-02
-1.176955699999999820e-02
-2.891643999999999638e-03
-1.743372999999999798e-02
2.018252000000000240e-02
1.645158099999999984e-02
2.116091999999999973e-02
3.978601000000000498e-01
7.150350999999999235e-03
