1.845544352362491203e-01
2.994144849172883371e-01
1.725034953945495386e-01
2.079059977327751829e-01
1.434349520571074343e-01
2.154873933719467227e-01
2.327609455484112577e-01
2.268201512217370985e-01
2.351800100304780594e-01
2.150639986445299912e-01
2.235187302329826597e-01
2.238297182702790045e-01
2.080038381982835527e-01
2.363110450561491382e-01
2.080676024387110579e-01
1.374291101744480048e-01
2.451685297814238662e-01
2.537571863378578763e-01
2.468898337476785609e-01
2.029742250539895154e-01
2.300963444526383794e-01
2.597408318404707539e-01
2.209898338799480277e-01
2.192323416818809934e-01
2.158133458925218795e-01
2.032795261014593013e-01
1.362156559469941408e-01
1.721679059219453078e-01
2.307322113497193850e-01
1.411073111435177940e-01
2.497785039626699566e-01
1.617687755940399319e-01
2.087235667416493523e-01
2.508839251711414975e-01
2.522865912153975931e-01
2.720939934009893313e-01
1.937860333640785970e-01
1.840560330595638616e-01
2.486693876688799709e-01
2.157149512188087925e-01
3.111463830076881543e-01
3.058568776488809204e-01
3.236811548465690080e-01
3.062985480964574569e-01
3.279827497144706117e-01
3.100928011317870547e-01
2.364523465664324642e-01
3.024522542482757648e-01
2.086964929038014338e-01
1.743920215294223475e-01
2.343087047445255033e-01
2.229534966622389869e-01
1.918300590249792659e-01
2.123610162330881179e-01
2.399264875255917862e-01
1.829150077809110209e-01
2.020318541506585519e-01
1.823101288549854593e-01
2.683036132589832201e-01
2.675969849092101338e-01
2.028521607188743248e-01
2.066527731093149023e-01
1.868439333637925137e-01
2.079471993683361941e-01
2.252421264640797338e-01
1.559385813627408301e-01
1.613699262883760144e-01
2.439667821245650736e-01
2.463574419568543561e-01
2.512623421234813081e-01
2.968014596804707250e-01
3.280300438177169986e-01
2.731006700202625037e-01
1.681681176853457860e-01
2.957947659057686418e-01
2.801561327106358301e-01
3.245482257758193212e-01
3.300067119517058889e-01
3.011711657150021870e-01
3.087361158577368037e-01
1.948533514992737969e-01
2.771852880131167041e-01
2.860356750751146815e-01
3.070438546779387656e-01
3.119771235706455537e-01
3.134106819663688981e-01
2.274630434764733089e-01
3.247305144290341117e-01
2.497943550496435627e-01
2.757638367263864909e-01
2.631685020181528389e-01
2.407148983613521531e-01
2.670482030064956214e-01
2.550445907737861617e-01
2.832922661497572769e-01
2.443293770755338712e-01
3.151227318756190665e-01
2.534436314970108239e-01
3.234489156291883716e-01
3.029353553038318103e-01
3.131282844607023441e-01
2.933850991607065417e-01
2.974686792507353905e-01
2.211794421117511955e-01
2.867862929118709103e-01
2.999018340963729989e-01
2.282924696247797813e-01
2.564289633429505111e-01
2.600777583795997883e-01
3.213040645313293142e-01
3.290730865340855127e-01
3.088857512979475417e-01
3.240533030765525568e-01
2.259908944106747142e-01
1.765508612781291065e-01
2.871857709041953921e-01
2.558641144114116583e-01
2.729030369531221800e-01
3.281879236409825928e-01
2.233351246860456885e-01
2.045478916604230035e-01
1.636099851945352346e-01
2.201574223176993028e-01
2.718795437431538176e-01
3.056813248626830126e-01
1.021823624337538094e-01
8.210557743917133722e-02
9.436500285211918415e-02
1.172401256769440570e-01
1.190504236715861502e-01
1.322952866910741543e-01
1.049429589138663327e-01
1.059137160989246790e-01
1.083597995534186093e-01
7.875103550450134049e-02
1.225297116604704001e-01
9.138345270761066841e-02
1.096987337045946392e-01
9.837849377984611565e-02
1.051576719257025228e-01
1.125654594808914860e-01
1.169670241249996384e-01
7.381419937622962779e-02
1.022448027435606255e-01
8.591339444774744039e-02
9.305106171762458911e-02
9.675934289664228638e-02
1.026763839734633615e-01
8.849676919120731677e-02
9.464805817573707092e-02
1.089755036271485428e-01
9.459413742639695422e-02
9.342963096531349543e-02
9.206337386174373583e-02
8.031015087706193378e-02
1.359080796368976607e-01
1.171966460407909694e-01
1.034540435645239925e-01
9.537985393749419394e-02
1.013422872756362947e-01
9.940646335344094364e-02
8.806259688329709512e-02
1.140903782084433521e-01
8.772740201346902744e-02
9.288227178567848297e-02
1.053249359529353363e-01
9.424865942057250590e-02
1.099185667119444015e-01
8.486002122825533900e-02
8.905771908564985573e-02
1.272967759722214154e-01
9.893648626462479834e-02
1.917237199108854928e-01
1.153789344732534666e-01
1.125619149263945434e-01
1.139366022198622513e-01
1.158619939298595469e-01
1.360785714884917563e-01
1.509735849157341492e-01
1.191902031057602840e-01
1.519189474301838039e-01
1.636708641624504690e-01
1.725549005394333701e-01
1.548958285900741139e-01
8.770646788451912090e-02
1.213928820436333961e-01
1.313670318303809259e-01
1.346689345465621468e-01
9.486861677252714231e-02
1.041891540945116407e-01
9.957345153263404136e-02
1.082364137643441748e-01
1.467502885033274418e-01
1.354353525231641597e-01
1.105620557667347514e-01
1.063269898042823042e-01
1.188275796494703412e-01
1.063868726939297543e-01
1.475231825187564294e-01
1.407708099704962079e-01
1.470682674554298353e-01
1.758193176306391825e-01
1.617071450306317437e-01
1.151719538305724100e-01
1.173346631555935438e-01
1.136319436853989451e-01
1.805987710940511470e-01
1.769632983569192353e-01
1.373796054931155641e-01
1.287644130232914741e-01
1.091423071704925446e-01
1.602768854884937255e-01
2.132613295130026954e-01
1.732018899277006363e-01
1.738515662726530242e-01
1.117726919730597651e-01
1.392049895295924822e-01
1.580735481269694154e-01
1.609575451000889446e-01
1.544827448774104273e-01
9.857085089502208575e-02
9.611161549726529585e-02
1.080846499003505767e-01
8.419741980910562529e-02
1.850502370815666764e-01
1.826930499209686032e-01
1.704640156544650897e-01
1.762937694540597788e-01
9.543113758178489725e-02
1.014477132882467131e-01
1.344181753816847125e-01
1.534538214661125000e-01
1.397410679810154321e-01
1.496300406704584862e-01
1.581949722049444673e-01
1.494490527102678712e-01
1.030581016290597340e-01
1.698818688939907340e-01
1.412008412026390103e-01
9.510613547484485231e-02
1.638920468781397688e-01
1.806960622026310970e-01
1.655236055080418489e-01
1.472655637115156402e-01
1.381259141265819002e-01
1.546943912143455002e-01
1.764065167764893860e-01
1.638225839598893563e-01
1.099060949502786433e-01
1.084175537765420805e-01
1.647231213253332605e-01
1.522129931149166782e-01
1.554344017334261530e-01
1.480871376084935964e-01
1.519377435477021199e-01
1.120959159521780629e-01
1.111667535255088934e-01
1.557697494773851998e-01
1.317898168162911221e-01
9.802538509043395853e-02
1.421993250293398792e-01
1.582055405979845564e-01
1.573706156854458305e-01
1.503136789313601618e-01
8.028434589685672085e-02
1.111981595462242234e-01
1.639374600565928763e-01
1.525590477560294922e-01
1.634921170435115478e-01
9.971847831157194808e-02
1.474453784674296386e-01
1.317384943409705689e-01
1.012283846409429422e-01
1.534352238447143912e-01
1.553428241900408069e-01
1.342633359081385480e-01
1.402000234443852300e-01
9.975483637744617105e-02
1.517394160655692326e-01
8.412760188540976958e-02
9.388261197835549854e-02
1.173513876264561939e-01
1.391405744536199363e-01
1.124192689860016581e-01
1.599398762584045564e-01
1.667260410230726186e-01
1.334004167089371529e-01
1.405249798593097010e-01
9.395449510688609618e-02
1.504209664365429577e-01
1.618250967851180555e-01
1.562589308488556428e-01
9.776990521844981796e-02
1.054544231569434498e-01
1.607751700765039649e-01
1.463253310686267183e-01
1.656383339212526562e-01
1.833262628428938557e-01
1.607782868474038063e-01
1.281137373208392771e-01
1.601363414314038169e-01
1.617838566053226568e-01
1.548301551023314460e-01
1.486649165046743659e-01
1.496973295286578298e-01
1.404950726241773473e-01
1.361744020057382154e-01
1.403302249021365633e-01
1.322410867304504301e-01
1.659801331038677219e-01
8.800719845041922451e-02
8.605181551082820290e-02
9.612353310380510052e-02
1.009092975833113665e-01
1.141368014560632665e-01
1.403284531314146211e-01
9.886783081833795672e-02
1.221107168118562708e-01
1.364097914145691870e-01
1.520528301085382339e-01
1.228379414172071082e-01
1.313889039996645469e-01
9.377267424835497578e-02
1.326374357477864419e-01
1.273243183979816673e-01
1.523707284862024780e-01
1.188278418807005576e-01
1.564607863016437006e-01
1.314898707427298030e-01
1.453845638047495392e-01
1.711789204777575679e-01
1.133141736304522779e-01
9.074554664936437809e-02
1.794084599031689764e-01
1.063594518847496978e-01
1.153673077014816389e-01
8.445462763474791135e-02
1.511987555787079052e-01
1.466087366488478538e-01
1.573119167505818150e-01
1.845836012959873873e-01
2.000746148705813410e-01
1.651928325635957373e-01
1.408989034323464007e-01
1.784258740863156056e-01
1.640631745118352469e-01
1.571095473236626128e-01
1.948156214904983308e-01
1.628217585136345347e-01
1.466505115510275681e-01
1.237070824629434851e-01
1.474687012112800288e-01
1.027775502044447481e-01
1.212187744442824316e-01
1.134233749257310825e-01
1.437952440300787615e-01
1.532664195429105092e-01
1.594411302485135296e-01
1.097421248156834478e-01
1.424148116350677229e-01
1.082535069049086474e-01
1.438971653324699340e-01
1.273713312973520917e-01
1.603180908351855283e-01
9.540947141733747972e-02
1.333078813856019562e-01
1.240793929292833275e-01
9.558207811031116385e-02
1.345006316317742534e-01
1.576275017265253153e-01
1.514835638061516332e-01
1.856638022088256124e-01
1.553627019217883320e-01
9.113198066640815220e-02
9.551348123841069127e-02
1.210365268751639883e-01
2.035709557211699827e-01
9.136632305654829311e-02
1.625989362940262195e-01
1.033097227422209025e-01
1.933862694003545823e-01
1.420209271969830600e-01
1.823535195289494870e-01
1.349523481691383420e-01
1.261470142977546005e-01
1.304718294794180999e-01
1.695682986820043758e-01
1.645674436107469885e-01
1.543073231994927519e-01
1.469248717478620903e-01
1.690398049908299061e-01
1.808642508368815682e-01
1.312273669207023596e-01
1.418404029033750735e-01
1.442493559262459646e-01
1.442960105817448768e-01
1.716124628243373695e-01
1.495166181492171009e-01
1.419049974683537774e-01
1.041913811912759114e-01
9.368051558173852433e-02
1.472895373446114486e-01
1.455044946181434651e-01
1.348311631891125073e-01
8.753358031696070740e-02
1.183473798548218131e-01
6.144410937771598719e-02
1.320060840581771533e-01
1.222383200286659838e-01
1.755346529575577130e-01
8.437714354721606580e-02
8.967740128467766025e-02
9.239710540401530059e-02
1.416727153820210028e-01
1.015290064933648817e-01
1.183608796102033345e-01
1.050796118633113146e-01
1.278847914068660108e-01
1.127170865141865208e-01
9.847938176850037917e-02
1.332080455127773178e-01
1.276815635388730275e-01
1.201470954832707383e-01
1.261264129912047782e-01
9.038376492514195448e-02
1.249231544812163391e-01
7.826233795835492446e-02
9.891960336077189331e-02
1.402326689838387375e-01
1.504287736173882395e-01
1.424030300010575845e-01
1.098113698502742180e-01
8.382676605890969357e-02
1.238507427266379024e-01
6.878264559484495444e-02
1.204914063171877853e-01
9.486232162758991004e-02
1.038416931084340245e-01
1.153635506010168704e-01
6.764580539806210047e-02
1.160565675323676216e-01
1.291140040239659725e-01
1.316836871387783436e-01
1.003991339118215365e-01
1.508067922359198343e-01
1.230565297132953928e-01
1.235772584580361044e-01
9.605974882413592653e-02
4.731044197169514270e-02
7.881325951614338854e-02
1.263162609956304250e-01
1.004134959528135695e-01
1.245304498788807473e-01
1.149469765258144816e-01
1.243762894569515887e-01
1.319241013981908572e-01
1.265628263874325754e-01
1.022807682278400049e-01
1.200444022264579719e-01
1.341235285383072240e-01
1.373513924587910495e-01
1.150008045806570067e-01
1.379464152145256084e-01
1.139114161706852174e-01
1.458464688175941659e-01
1.180716379364517565e-01
1.221535038672294932e-01
9.284370039402861652e-02
1.604570030889507226e-01
1.018140536728335960e-01
1.257551095304644539e-01
1.412265448169357784e-01
1.360520481269641146e-01
9.300573998549954702e-02
9.164972972681133256e-02
1.341887642948391135e-01
1.134944365698995761e-01
1.421377431005746150e-01
1.300707263593855190e-01
1.220646777205966899e-01
1.306246116808247870e-01
7.843464524962194540e-02
1.036478190342676048e-01
1.211673084786125121e-01
1.434368957989928250e-01
1.286741072286559096e-01
8.223949892515611260e-02
8.995968091140517375e-02
1.172233632409347137e-01
6.515838033787475780e-02
7.173729512623015780e-02
1.186413745872102327e-01
1.281890445862846339e-01
7.947556585698094256e-02
9.786706642720351124e-02
1.018670617179095322e-01
8.316468646551311572e-02
9.386493010018959193e-02
1.078784841450044912e-01
1.921001221188108343e-01
5.893997113822473793e-02
4.047333409634589624e-02
5.974866110629191429e-02
1.758899253361251858e-01
1.734745938378506880e-01
1.633833099033385750e-01
1.537092136529236153e-01
1.534409014094053336e-01
1.335083197845858827e-01
1.068581464710591650e-01
9.101214451433994879e-02
9.708855573462144006e-02
1.145859407167160310e-01
1.132501789246850715e-01
1.245475455307082924e-01
1.365841638321473039e-01
1.023389294051300080e-01
8.303871024844933224e-02
1.541126949750635522e-01
1.036297434091380809e-01
1.417359061031311096e-01
1.174547244591107459e-01
1.399235722499999057e-01
8.109680147215123092e-02
9.098039504723481885e-02
9.349968641458207552e-02
1.689308132549451613e-01
9.328086772487301226e-02
8.810909773827685365e-02
1.388235306488855014e-01
1.572938643507316159e-01
1.365255465403774071e-01
9.327306427379486453e-02
1.521509119727743331e-01
7.561417029741064610e-02
9.291887427175714309e-02
1.669578097683804274e-01
1.453786065230483482e-01
1.201238718403682820e-01
1.138783691971394785e-01
1.046144444504958498e-01
9.308198983185825282e-02
1.424710383789057344e-01
8.036172947198719219e-02
8.243545330005407068e-02
4.194024274301925287e-02
5.699972670123128193e-02
1.101807314147958822e-01
1.649241447590953924e-01
9.661369421243884426e-02
1.912171055240688700e-01
1.431839530977597197e-01
1.464134919977574945e-01
1.230780512782742725e-01
1.100355876776390601e-01
1.097152900487180088e-01
8.333915727700998144e-02
1.364622209985428269e-01
1.465377624990919780e-01
6.245999572310000081e-02
1.218016692739090634e-01
9.897850512155345615e-02
9.877315251604268376e-02
9.822291970514053505e-02
1.448966595513781208e-01
1.197349245874935603e-01
1.302334487263097362e-01
9.163481080842324211e-02
1.183758116043732295e-01
9.109849435179877275e-02
1.146126285884059431e-01
1.137891652641210560e-01
9.126395010597690427e-02
1.201557405329558015e-01
9.358679320077548103e-02
1.274014303430417439e-01
1.152847070640644900e-01
1.394739777196889186e-01
8.097634267934493424e-02
1.105065094267025511e-01
1.285248505663275920e-01
4.524302386447708046e-02
1.312697295969543210e-01
1.631429720527972083e-01
1.320309940452211450e-01
1.834655074545924192e-01
1.246604831402708252e-01
1.672526649811604538e-01
1.276190361915437166e-01
1.124644044642006541e-01
8.917804544820087664e-02
1.616922974354921272e-01
1.342066544320247856e-01
1.977253796172611100e-01
7.234464305179992560e-02
1.100316154070674068e-01
1.070732540504330532e-01
1.731398113113545578e-01
6.539538170871582456e-02
7.370398159148236483e-02
8.272877553143483109e-02
1.098173200698233654e-01
1.433633486162777526e-01
1.377497779235975217e-01
1.671776491770589623e-01
1.509700945688069729e-01
1.473472811369716529e-01
1.521249509573597836e-01
1.359552099738081943e-01
1.941962611686991746e-01
1.342058379199461138e-01
1.360691365797013497e-01
1.390879529635946354e-01
1.398953431776575607e-01
1.306248276168710254e-01
1.467086876752126123e-01
1.189193493216869624e-01
1.358346557648447139e-01
1.286962772952539857e-01
1.540423405260603340e-01
1.563853294414236095e-01
8.902778064223473842e-02
1.432048621399336363e-01
1.562396154388465130e-01
1.174983271556508529e-01
8.795599423247049686e-02
9.720710170268333228e-02
8.212075941569857429e-02
1.305652640870556824e-01
1.396533890285214519e-01
1.239366120558120787e-01
1.332967689042115211e-01
1.720416425429274754e-01
9.159937687502062165e-02
1.069789884451117640e-01
1.137123152567377782e-01
1.561484304034174431e-01
1.412736115649879109e-01
1.361309868544735568e-01
6.084294282407532589e-02
1.310054333713472074e-01
9.380233278481321657e-02
1.084597374768458272e-01
1.152326814113900366e-01
1.455999645264845210e-01
1.165749584830214625e-01
1.179849591349085708e-01
1.263239937177705052e-01
1.250142080761139640e-01
9.287150273754277152e-02
9.061025604990322058e-02
9.176899254459898458e-02
1.277781514495704707e-01
7.787517310604166743e-02
1.184815306535834528e-01
8.501666330831172957e-02
1.220051323447399472e-01
8.455158173478742600e-02
9.040966225704241688e-02
1.403535304379409099e-01
1.173114174864404030e-01
1.361646332497407630e-01
1.375590157229498178e-01
1.271839836975777183e-01
1.356129455566512099e-01
1.456023672018821047e-01
1.444020816825719589e-01
1.341929605825625815e-01
1.157888712058530167e-01
1.455348536428944795e-01
1.377847907200918931e-01
1.347724658333644410e-01
5.605361033625683859e-02
1.200594067719662067e-01
1.412244953664754388e-01
1.079697205441098873e-01
1.221767297057839846e-01
7.827709952517136749e-02
9.045092048633077142e-02
7.291569893193333707e-02
5.892168765309269141e-02
2.045164413616862575e-01
2.049606610229340597e-01
2.033657562005574126e-01
2.048399520358074599e-01
1.806399445162847894e-01
1.896870422695840774e-01
1.964187755745765152e-01
1.011747040969656203e-01
9.780831792007156633e-02
1.903653127472373641e-01
1.854681911059135602e-01
1.990944287347794772e-01
1.948840841245190192e-01
1.790651253786072761e-01
1.128843769259426089e-01
9.845364608940480877e-02
1.079515483664978681e-01
1.081201132405546633e-01
8.554622878199406866e-02
1.665374555269173718e-01
1.704506157747850414e-01
1.272753159322742300e-01
7.169948789607162587e-02
1.180908412689234410e-01
5.740830544745898628e-02
9.468293697778452922e-02
1.023407259670999631e-01
9.642128708546557347e-02
8.830100955048783562e-02
1.050528838561299166e-01
1.518150832428890595e-01
1.341869550910168019e-01
8.149258232993632223e-02
9.796686164538220831e-02
1.434540247247276246e-01
1.024126775702822317e-01
8.954248708810044755e-02
1.244434199977739741e-01
1.178836732545714694e-01
1.660794976235002995e-01
1.474910516013400730e-01
1.756856158337223583e-01
1.410000532241176829e-01
1.775934282974275802e-01
1.053666053519490553e-01
1.248991323434582162e-01
1.028120656537544336e-01
2.021996725334641032e-01
1.821299948523084355e-01
1.748885018436271976e-01
1.988895492504049178e-01
1.735530398067708091e-01
9.579770335712964324e-02
2.373775369539556646e-01
1.051653532476563152e-01
1.356011369200405270e-01
1.267849659220976477e-01
1.002126448345728726e-01
1.659339571736323238e-01
1.503084063067124665e-01
8.864435487718230755e-02
2.386080504432987470e-01
1.181092072006525578e-01
1.439832145659098728e-01
2.144414410479489330e-01
1.409538292941346083e-01
1.167589275073681737e-01
1.470219842322617876e-01
1.528169119870115000e-01
1.984388341821161361e-01
1.664568542054488398e-01
1.549603379578393947e-01
2.012171439304217269e-01
1.931054214415740544e-01
1.983843485832424980e-01
1.329101984225994626e-01
1.381243616692835463e-01
1.476438184133404830e-01
1.003422291176216397e-01
1.799707734676937732e-01
1.633687860858795970e-01
1.042017682580019811e-01
1.034036325601858930e-01
1.504862938282774121e-01
1.138792457839115646e-01
1.215612740130141145e-01
1.200980633422484151e-01
1.289512410638706252e-01
1.315983700258921141e-01
1.044789861355802790e-01
1.157484466875798174e-01
1.333051168314909884e-01
1.100960084729714766e-01
8.889024823858364399e-02
1.122164601305465637e-01
1.147454366705109585e-01
1.112812096624723746e-01
1.112768503253411950e-01
1.246314646139557863e-01
1.274131680732002725e-01
1.222368142426701471e-01
1.031556907834040721e-01
1.185126598480157611e-01
1.173352317687991336e-01
1.174852572910807941e-01
1.022881079801273990e-01
1.165519794498291739e-01
1.039241418041277620e-01
1.062190393271961325e-01
1.189393448121408570e-01
1.159306126574569523e-01
1.454787448225458302e-01
1.074148958720711894e-01
8.998011704411963685e-02
1.080048597100555646e-01
1.172294067780348670e-01
1.148217515115694531e-01
1.105934372906382940e-01
1.240191646528809727e-01
1.117350283274334277e-01
1.161047604050343823e-01
1.183320878658202513e-01
1.056904556456253752e-01
1.356668765390106612e-01
1.103732102431110029e-01
1.257237019021537894e-01
1.189019039410157547e-01
1.014399346238722133e-01
1.098551269311532907e-01
9.696994454776954042e-02
1.156405790774504422e-01
1.332731590629831209e-01
1.520776410014583468e-01
1.939965305966108444e-01
1.477379813378627560e-01
2.754395236960223148e-01
1.751528646453205940e-01
2.685286852728513418e-01
2.736984145367578058e-01
2.213396239098263107e-01
2.049359728566806649e-01
2.137461224825240591e-01
1.677020023227511758e-01
2.336004083629456829e-01
1.801734650546726324e-01
1.012761274669662231e-01
9.699429579152311909e-02
1.083357055881453285e-01
2.163030480255114796e-01
1.531959340922265378e-01
1.424938374363031168e-01
1.481714172898982718e-01
1.413532251930855743e-01
2.372488436445584215e-01
1.678869630906863752e-01
1.714346417334999817e-01
8.720509753186884983e-02
2.209404526476065056e-01
1.000524523280935940e-01
2.762564313331620225e-01
1.349748424850100159e-01
1.362031326400141851e-01
1.145768490497351272e-01
1.642500834865456838e-01
1.279723050250373972e-01
1.092071339179264688e-01
1.434183113707782897e-01
1.275982516944300094e-01
9.008363868124717733e-02
1.175182469552834563e-01
1.188087547363588098e-01
1.124054869535032752e-01
1.266951563595319075e-01
1.162573372454902276e-01
8.089260865571429315e-02
5.818562350535141231e-02
7.421842401459741168e-02
7.254723080458999607e-02
9.914673584361123615e-02
9.012832630066133777e-02
7.975614851358871216e-02
9.969505176668964908e-02
7.222752455513277436e-02
7.402020681962635795e-02
1.936861313333426982e-01
9.096512565348757740e-02
9.709087753810692611e-02
1.021436457175624868e-01
9.965340632322905456e-02
1.301432824279009082e-01
1.349272947684684865e-01
9.161904282448062042e-02
1.178163783566559125e-01
1.206194242313374798e-01
1.084010266717396614e-01
1.545704209029090115e-01
1.068412590304959331e-01
1.117910434071623244e-01
1.176555383543299443e-01
9.753236816325970560e-02
1.294576092603042794e-01
1.521332749014525365e-01
9.139432296720706450e-02
1.284195871597609562e-01
8.522158516289646268e-02
8.662109830860693915e-02
1.394691290746892520e-01
8.161589139876036791e-02
1.011128324804072137e-01
1.158432669943584015e-01
8.192417120817781229e-02
1.046699228918941682e-01
1.225382087377414053e-01
9.823159622868640750e-02
1.050135502630540896e-01
1.361981510157764808e-01
1.028046088684811954e-01
1.136818655979901088e-01
1.923102018063060914e-01
9.825289605190834497e-02
1.005741676645452581e-01
1.591675037343893984e-01
1.013667149106380061e-01
1.235067963632214827e-01
1.437129919638472642e-01
1.024401903125874286e-01
1.369986670724675226e-01
1.320961747062304459e-01
9.912272539361713375e-02
1.606839306293895153e-01
8.613959988444291893e-02
7.434254671863357866e-02
8.764138099195128984e-02
8.620581596784587797e-02
1.248953025907907632e-01
1.411187294187511987e-01
9.686078692371474785e-02
1.109519236744883758e-01
1.791240861465122043e-03
3.454176369829046068e-03
1.619420497848552635e-03
1.147284015506708048e-03
3.588059015050294558e-03
3.525792802154275977e-03
2.967395576862339856e-03
1.545763665450882894e-03
1.610757166470700493e-03
1.708852833315317645e-03
2.035828623078974210e-03
1.781960628885633424e-03
2.207936787881733132e-03
2.074113008104235857e-03
1.616076494044615909e-03
1.248267609097646188e-03
2.309572134935300100e-03
2.276194888996936009e-03
2.493264179269386038e-03
1.822483812289725025e-03
1.639785798466513768e-03
2.343900354958405440e-03
1.765207048536324022e-03
1.777721148092583671e-03
1.981962397819974752e-03
1.885665682908252861e-03
1.590232854211605547e-03
3.127788360153817195e-03
2.564522744336184771e-03
3.194808342989801861e-03
3.939127878241479273e-03
1.518057996847181146e-03
3.954735386872940822e-03
3.460800824174454365e-03
2.655401641561173053e-03
2.958679928731783402e-03
2.119198568281740330e-03
2.115617442182541209e-03
1.854222134992505877e-03
2.256888070438562398e-03
4.581115044489171215e-03
3.901293552685394534e-03
4.953613277553075081e-03
3.751919011420561806e-03
4.447139135249567748e-03
4.519036942687001956e-03
3.443207821486323188e-03
4.483809378384443628e-03
1.688546208093673123e-03
1.411205510956069784e-03
3.399041114687247327e-03
2.496698706662841410e-03
2.897641650610840221e-03
3.028406389838815289e-03
3.011159274309915725e-03
3.318104525073025529e-03
2.578800896767284578e-03
4.982635191295086557e-03
6.343002195469677265e-03
6.702533744990766228e-03
3.265051148484165652e-03
3.940101274963991353e-03
4.643338741813080907e-03
2.953649192894136893e-03
4.101525540992883266e-03
2.504509860357956568e-03
1.879076605534256992e-03
3.321559364210842445e-03
3.076953269517645941e-03
3.842210604665928855e-03
4.665286360805395369e-03
5.029133722937027817e-03
4.468750498678359523e-03
3.150221010948431755e-03
4.798132006061090089e-03
4.634590719370381903e-03
4.394614882647335241e-03
4.974188772246757040e-03
3.929965106973699537e-03
5.303838356543651329e-03
2.126764519500678324e-03
5.062463739882255842e-03
4.946074893217950082e-03
4.912019206067131348e-03
3.814639811618410377e-03
6.239341958956506028e-03
2.828065519261706816e-03
4.648436183596907356e-03
2.580956786704179801e-03
3.984968369827476993e-03
3.455373672191056587e-03
2.164072029575446216e-03
3.494445377641255610e-03
2.873142964784940710e-03
4.240752225193274161e-03
2.595334164321628275e-03
5.516856605768427277e-03
2.576756929622431042e-03
4.836682239429936948e-03
3.957160050513532090e-03
3.865942194908070402e-03
4.151161406984663418e-03
4.004128634918281172e-03
2.765654794771258557e-03
5.436013465848399742e-03
4.116988405954634736e-03
2.539396557470365631e-03
2.589450399346355982e-03
2.786019998083034879e-03
5.272621160692115769e-03
5.470790916759679136e-03
4.727158690420120782e-03
5.707549626562602278e-03
2.855672382493983173e-03
1.990579924926825801e-03
3.991972387642669581e-03
3.175088297284121754e-03
4.659163214618571199e-03
5.406177000640403386e-03
2.883320732691954397e-03
1.910671275708608358e-03
1.190186916313072706e-03
2.492194093394630664e-03
3.980856247664298422e-03
3.759909136176223157e-03
6.496429126346991208e-04
3.443688172947818806e-05
5.403033984162125720e-04
5.141363149831191891e-05
2.017290041118433724e-04
1.033473378758750305e-03
1.883020557857961492e-04
2.961198929428586674e-05
3.572087963985137314e-04
7.081746393860829242e-04
3.334531683506396834e-04
1.135228851656336092e-04
5.751433876956707795e-04
1.593909953827102332e-04
4.290633070812107015e-04
1.160562312442234105e-04
6.503384704222797772e-04
3.765093651077059192e-05
6.580506794920231708e-04
4.928948957664973688e-05
3.739750715362813167e-04
1.603028385199376459e-04
1.890916621477291260e-04
1.943812458821503417e-04
6.892356107151782546e-04
8.620582123870542247e-05
1.922424732598244435e-04
9.124758914057378464e-05
2.715268462879587874e-05
1.208047522375883044e-04
3.618571289773170416e-04
2.945812165975948173e-04
3.813750894509907092e-04
3.126776255209414422e-04
1.570396512087477185e-04
4.369443715928660521e-04
1.340645529049918467e-04
6.073270523355532710e-04
1.216773707425294031e-04
5.835679309009480197e-04
1.632428972208756321e-04
2.362845659522935370e-04
4.404682591731724642e-04
1.409593411850869815e-04
7.541887015061306742e-04
2.477439013011025750e-04
2.758377934389629371e-04
3.102375390768004424e-04
4.661612951609105625e-04
4.035200814616303412e-04
2.107337667090056947e-04
1.393346232399467839e-04
9.492731771938039444e-04
3.536169014442078640e-04
4.003514195115686204e-04
3.935198897838056338e-05
8.732806934934505324e-04
4.021891137260051293e-04
5.281730350899034761e-04
2.939653925818352942e-04
8.337179878861600149e-04
5.049545884419531002e-04
4.599740771216904740e-04
1.579363525399888062e-04
1.296967860931083855e-04
1.981590722420603406e-04
7.710865900350717282e-04
3.177443856869825809e-04
3.053068589776135192e-04
2.258767881766468773e-04
2.562779921237172864e-04
2.491169944517844471e-04
2.263061287333684862e-04
1.901551157389945446e-04
9.156953215807700497e-04
5.918402692963682437e-04
1.877391076043842240e-04
4.099180368456225828e-04
3.596249192644990060e-04
9.266686767767426782e-04
3.219208788685964777e-05
1.332064365828486419e-03
6.328291753531625546e-04
5.241344754618747258e-04
1.571293748924918257e-04
2.723332980513535457e-04
9.584974315989973131e-04
2.878734266232751320e-04
4.780300313091420217e-04
8.217963435545083185e-05
7.441834467022443540e-04
1.269002459594146951e-04
5.376624618208084320e-04
5.808028129364111673e-04
2.689922512502832355e-04
5.095234604094870182e-04
4.228548883175823215e-04
1.216059225944850740e-03
1.354109818739918677e-04
1.516374784560023143e-04
7.532590179531887869e-04
6.886925398288729809e-04
2.059895596902743605e-04
4.952276622475487852e-04
6.042402258687410571e-04
6.376101592485672841e-04
6.732915030953678980e-04
1.223756344743055823e-03
4.661626558848208472e-04
2.532905404495539286e-03
4.182700889171777709e-05
8.846822875409085887e-05
4.313675961171659838e-04
1.798872607746563657e-04
2.715091480506897281e-04
3.492644262120477602e-04
5.609843583908748601e-04
4.115505651415891268e-04
2.388668806518577388e-04
6.278224117648448710e-04
6.292774413202757873e-05
1.090588435163799934e-04
9.539088002462963139e-05
4.243445413131649753e-04
4.411829663934549299e-04
3.962220091594196442e-04
1.474894590472235808e-03
2.624709105507453170e-04
2.399872807008838062e-04
2.519487029255129836e-04
4.705645757049145973e-04
4.468236204279502272e-04
1.745001268509899575e-04
3.118625347763030373e-04
1.618260999192128559e-04
1.126048433785236969e-04
8.726741534662385102e-05
7.276879804939632296e-04
1.724983181210423540e-04
1.961248104490498451e-05
1.087454912750275386e-04
1.644166730945396243e-04
1.850357867747298994e-04
1.783858825075272680e-04
3.090788935948673836e-04
2.363947675032991287e-04
5.722891337768239509e-04
5.252139949487783822e-04
1.668517425495151269e-04
1.098297455569066878e-03
3.594021395964383709e-05
1.617962338656088385e-04
7.298709855474765312e-05
4.086935540825290024e-04
3.896660289571506752e-05
1.126042021281660195e-04
1.262642420287271203e-04
3.770267181492534757e-04
1.947359671381741232e-04
1.757950515077623226e-04
7.545626914759028664e-04
7.571583941517004987e-04
4.678295555923974564e-04
5.657435873235021773e-04
2.683215442357584778e-04
1.133877156662349095e-04
1.522585374229730448e-04
2.125395263727241680e-04
5.975151690407325437e-04
3.735866607067250865e-04
8.034955257618877115e-05
8.216037633410210495e-05
4.965170035453305092e-04
2.526901845680408856e-04
6.632971144584441084e-04
4.284406296621252126e-04
7.314633489855729837e-04
1.477329847763150144e-03
1.524198244495495944e-03
1.376352571678620632e-03
1.902342310814444611e-04
5.660307272380465026e-04
6.628986541170508702e-04
6.412905484423909834e-04
6.254576420617228519e-04
1.659380094442741618e-04
5.856100173656831904e-04
5.455482340152199372e-04
9.853150552269992243e-05
2.980642124932732597e-04
9.827397788135724954e-04
4.273366058988783273e-04
4.943085047493194330e-04
7.540213078499531131e-04
6.111771196563729920e-04
3.581627123363352941e-04
9.375993070665904769e-04
4.939698256208394767e-05
1.206504257303632265e-04
2.764269162004438806e-04
7.491186835804683323e-05
5.462691944700542607e-04
5.467557681490504496e-04
3.907065703438507569e-04
9.294774600705717053e-05
2.081794590749950461e-04
1.152494930340702915e-03
4.545453036220759328e-04
4.332539230335301773e-04
5.499703412653312418e-05
1.645887646024500020e-04
7.707268214110563672e-04
7.191281535064206589e-04
5.931495267688444281e-04
1.366225545907786090e-04
6.596374172329722658e-04
1.029009051251945179e-03
8.510466512263998966e-04
2.550682481044230245e-04
3.542263965135669006e-04
3.552064291618825184e-04
8.048343216632310301e-04
2.352593624150099271e-04
1.472227081645896421e-03
1.990404624658076384e-04
6.529290051308704558e-04
4.390362837658956714e-04
5.338337582874386417e-04
6.852839130361847077e-04
7.602473657986427063e-04
7.260162362779224755e-04
4.207159796689539238e-04
2.247296611928890778e-04
7.854363146421703974e-05
1.703109369795011900e-04
4.860900752447661500e-05
1.064663275686716844e-04
3.998834014206883764e-04
3.350874768208001548e-04
8.753144199050970234e-05
1.336071312568155043e-03
6.820562931819479336e-05
5.290837434872168498e-04
5.597696118088459896e-04
2.434418238814880728e-04
7.239867272885224057e-04
1.468278254266656665e-04
4.747490057720319453e-04
1.042116497473149068e-04
2.839644795280799982e-04
1.045885593501248343e-04
4.019273984306083870e-04
2.952996207401077590e-04
1.814347226005685854e-04
1.508924533644914745e-04
6.250942680650692493e-04
7.919434333040504398e-04
5.500280259205887409e-04
2.882792086177672760e-04
8.554600461040004445e-04
4.215132125690882413e-04
3.138673163812921805e-03
9.857432657189206873e-04
5.366296079214015339e-04
3.443566327683731613e-04
4.315237046089497540e-04
2.856249817402415660e-04
3.662335831037554813e-04
1.690333224682114954e-04
4.774779055331361283e-04
4.771867460095852642e-04
1.520554964701100820e-03
1.920315033499682108e-03
6.502016390880269560e-04
2.367592797291170274e-04
5.842394091379988314e-04
8.841576386782393356e-05
9.606870821204161522e-04
2.320212193085213282e-04
1.413778871942809434e-04
2.662110737559391033e-04
2.724324877663182582e-05
2.661892933102913742e-04
1.593956272082483114e-04
4.514776192634530039e-04
1.567348673233774390e-05
3.979346826823674393e-05
1.205104628123805654e-04
4.223552112733210129e-04
4.312059689182059109e-05
6.688171139667497102e-04
6.930024117112627282e-05
1.386508856698698798e-03
1.140164428738265609e-04
3.755983788166151658e-04
1.111642200077273495e-04
3.052917942005353756e-04
4.361251752344718876e-04
4.462132835642971976e-04
2.298556518567391129e-05
5.689157364560504639e-04
3.432054753432328383e-05
2.974813285497642651e-04
1.002942271441970728e-04
2.360306193345912363e-04
6.355598061060340875e-04
4.461558040036307077e-04
2.276697899527691373e-04
2.246346631919336387e-04
1.210537274291236013e-05
3.588966622141162664e-04
1.036076287558506878e-04
2.081465558914429666e-04
3.361405295894246857e-04
3.812203921904313208e-05
2.189021019036152516e-04
4.308799529167183038e-04
4.320267041064603788e-04
3.508702948943249355e-05
2.085530931768056202e-04
3.305280711671737884e-04
7.875859514982966726e-05
2.508296379362473863e-04
1.243243093446222286e-05
3.659476947998344993e-05
9.330768252175094743e-04
5.090187800599633170e-04
2.313893162404864919e-04
4.001440993459596369e-04
3.056667294394161067e-04
3.019325569662791226e-04
2.847566581600026220e-04
4.435278575965925199e-04
8.750860982676703580e-05
2.444232547747806055e-04
3.467892883260491961e-04
3.369133861652619764e-04
2.263292340094628702e-04
4.080944077367690032e-04
1.518241011488339124e-04
3.778206870247944335e-04
2.272651749900463113e-04
4.440964946174503212e-05
4.028299021030543677e-04
5.044812267507511747e-05
1.222217384906992236e-04
5.727631352600936576e-05
9.097206625817454758e-05
1.818041651257844206e-04
7.419627859156945656e-05
2.175390519539500587e-04
2.466619854067118108e-04
3.209429176225358496e-04
1.261928872818027052e-04
7.790828203059283602e-05
8.156639807218100773e-04
4.615938563684463133e-05
4.062079560616431114e-04
1.069657366105274061e-04
3.502503018282662403e-04
1.420262804510141221e-04
4.824112988381296704e-04
2.383661837564397801e-04
5.032850636830942968e-04
5.113863519495043432e-05
1.208661037970387665e-03
1.560106526585143018e-04
5.858890209295184543e-04
1.245385233210761578e-03
6.500098209628157441e-04
8.760633484622545528e-04
2.635598204460419037e-04
8.193037481354003768e-05
2.576713148035327967e-05
2.759722994256797596e-04
9.880702121660044150e-06
1.339995070784773476e-05
5.272930979678649348e-05
1.707012600357198573e-03
3.333814435987943604e-04
5.211583790080653563e-04
8.392614563455272304e-04
3.151944519805598903e-04
5.261172362979183977e-04
1.119219077908998255e-04
6.661255926752177102e-05
1.269861667099804762e-04
1.033491303776749810e-04
1.696005739354514944e-04
3.741186018586096606e-04
1.639906404472854355e-04
1.741482132076013680e-04
3.149656014036083683e-05
9.898737059483716464e-04
3.859083800504331464e-04
8.587710043824069075e-04
2.887026364366656315e-04
3.251708553612072164e-04
1.212183715836023112e-04
1.690745953835970123e-04
6.407997539272873827e-05
9.557852779593747124e-04
3.252866161833423489e-04
4.580998074307798492e-04
1.519202547885049870e-04
6.644544945891038079e-04
5.543174645348135279e-04
1.756328623515815022e-04
6.377968384241628234e-04
1.995261033973069927e-04
6.638772001450243604e-04
5.459836752738473579e-04
5.165742678344214210e-04
6.797091224549739160e-04
1.341517517958384161e-04
1.153945982082502423e-04
4.753209507502506050e-05
3.538407984999171886e-04
9.404023757112260596e-05
1.327563566385335525e-04
9.644097613870977130e-06
1.344161724825370508e-05
5.729770497943076878e-04
4.785004423278834437e-04
3.315391218519991244e-05
4.969042466027937931e-04
1.558107775134558084e-03
1.095033981889563068e-04
4.135389134303723256e-04
1.300103920577525116e-04
4.445626947184977797e-05
1.627472769359926034e-05
4.135004388715403140e-04
4.542143845682716487e-05
1.512594523263268963e-05
8.653975031406826090e-04
1.074332200784610617e-03
2.071676074025612622e-03
1.050755524849789719e-03
3.009179868108551362e-04
2.830647014640992891e-04
5.038961598583909440e-04
4.389595343514857308e-05
2.196027917424392449e-04
4.235935279500845644e-05
3.764276289470855808e-04
4.077265132962778430e-04
1.409857486709174086e-04
4.912365319206345301e-04
1.547972120335833202e-04
4.781810427369719420e-04
5.802734845344848739e-05
3.186140913078960813e-04
1.192568457781006974e-04
6.831508021596559635e-05
1.832466387098951677e-04
2.266815462338531053e-05
2.075318797748129749e-03
1.282576811092077081e-03
1.384055079005578693e-03
2.896937748678455530e-04
3.504838109434616996e-04
2.125180773881361288e-03
5.102345392900169748e-04
1.046313578780673666e-03
4.349397888371134323e-04
5.099967368341930263e-04
3.679440402626486697e-04
5.971000130527723358e-04
3.098527200204115935e-05
1.092761745651154030e-04
2.957620887277854254e-05
9.274630814824145726e-04
1.549731758277875053e-05
6.057264860220920187e-05
1.350509753430026005e-04
4.849416314106453577e-04
1.061247917876309219e-03
2.056199075587749692e-04
2.487704868275512449e-04
2.485824098582892477e-04
2.011379267399868837e-04
3.399647732889205269e-04
2.476182385225796849e-04
3.089732724663636913e-04
2.544206990712125321e-04
3.254932334165038942e-04
8.774684033420426625e-04
5.861876673518733646e-04
7.062712976300171636e-04
1.379645228483203801e-04
2.458409378989715312e-04
1.364903259902746236e-03
7.468569133832346670e-04
1.664567621175642542e-04
4.218250193133268921e-04
7.118700350154723191e-05
1.786973285468084253e-04
4.073842887133490194e-04
7.869318857372903343e-05
8.568982870955014596e-05
3.250534393566003157e-04
1.022300431533330412e-04
6.044119691224146936e-05
3.225103379187842364e-04
3.179563433319786679e-04
2.802803974861779713e-04
1.249175151960117821e-03
6.536770280054488404e-04
7.178491075372940696e-04
5.070711522672250848e-04
9.354494675846281157e-04
7.850339424823815030e-04
2.018401139799666109e-04
1.747683466971024007e-05
9.539764905460076385e-05
9.315867005787193127e-05
1.978106823496464091e-04
8.793968347797309713e-05
1.186259319234473329e-03
2.950112621288217664e-04
2.811218037990796041e-04
3.296200177075192398e-04
3.315514687370017116e-04
3.463677050690754837e-04
2.106989949500190416e-04
1.507819884538027545e-04
3.813307040090662499e-04
3.226278374852892337e-05
1.921719447618469752e-04
7.513986485720989584e-05
9.556492037548999536e-05
2.011282425733752755e-04
1.584809471549736336e-04
1.306708877487738733e-04
2.944505925587656472e-04
7.148131978600726067e-05
7.105836967698834453e-05
9.639352549904694329e-05
8.769712568950793904e-05
1.162988663877517059e-04
1.044929748609810450e-04
1.017645781662595509e-03
1.799573590397886345e-04
4.056117996225154488e-04
4.884106794043460362e-04
8.287814269926561364e-05
1.678662923154643300e-05
1.519606487504052595e-04
3.603106124453662020e-04
8.183850118565090797e-05
1.303224620658328785e-04
4.648246988321947694e-04
1.037409050523495992e-04
1.808149951538127152e-04
1.419396145359279241e-05
2.285759384548038432e-03
3.076729079047843193e-03
2.711769393800024866e-03
2.273550690457823778e-03
1.228980579837496770e-03
1.133911104175228373e-03
4.535301063003916691e-04
5.426368799965838353e-04
4.931754446224332657e-04
1.734610339319519893e-03
1.438455439630526370e-03
4.985422872289999550e-04
1.413079942752456424e-03
1.500431909379734263e-03
4.679439549977862703e-04
3.763397404715085478e-04
4.883542847105430988e-04
4.248297934402973995e-04
4.658921970121682210e-04
6.612983282413427942e-04
9.103243907183676065e-04
2.866520883853782052e-04
7.905420098153668974e-05
1.395447976945661539e-04
3.203012135634144251e-05
5.228864860497930457e-04
1.193083837949357771e-04
1.056576466587137242e-03
4.445223823648013716e-04
3.392858672801115391e-04
2.303019841532303810e-03
1.456300772496062126e-03
7.555058704512523753e-04
2.642565341450218291e-03
3.002954763120346923e-04
6.265126023793722619e-04
5.888428309368844556e-05
4.631258208956301665e-04
9.201351460554717384e-04
7.177473217318890934e-04
2.219112896717834237e-04
5.488583102906089035e-04
7.740965253046567032e-04
2.444556943335138917e-04
8.905187499848557140e-05
5.558665399572057042e-04
2.993975355637902764e-04
5.288184080217529044e-04
6.029789874269070576e-04
6.503259273627066918e-04
4.842025243513202134e-04
5.142710347332875992e-04
5.926992969470328655e-05
5.551094216870833915e-04
2.933088662052517771e-04
1.008797981686307654e-04
6.699043918040625302e-04
2.817612501423013508e-04
1.075889085737293010e-04
4.646369660364161594e-04
4.640823088428547120e-04
1.502032238624775851e-04
4.618267924250244491e-04
2.250991862459221754e-04
2.233224889494652538e-04
7.499753121644026728e-04
4.166210513947336781e-04
2.823208655727654478e-04
4.456226384610191982e-04
2.774619114958610535e-04
6.014567707709013097e-04
9.654483143859908089e-04
8.516609324397759594e-04
8.926519147912447645e-04
8.178605546753034156e-04
1.355921428770641554e-03
3.742168104426921464e-04
4.241649966646814898e-04
2.837739785420170780e-04
7.344279726699396620e-04
5.202456934729390295e-04
2.932747510195400122e-04
5.816119254624860496e-04
5.730723478746024878e-04
5.307444827934585177e-04
4.789968613526316690e-04
6.221246836159190219e-04
5.717647932172852544e-04
5.137228215195404225e-04
7.023230076300826866e-04
5.439426836110014150e-04
5.481087728257437799e-04
5.385300122621532702e-04
4.500275427368963656e-05
5.521520240008865460e-04
4.610342826071329309e-04
5.150830925028750985e-04
6.009642778472859244e-04
4.065533278542474214e-04
4.407427641706401669e-04
4.171563762791095030e-04
5.588748357907466187e-04
5.120742935671980609e-04
7.822740249886241375e-04
4.518839076144211568e-04
6.159960498684956742e-04
8.489526735371630403e-04
5.737536452661128744e-04
5.887263214932496932e-04
6.000228913450375698e-04
4.267561565398821631e-04
6.216985018250739637e-04
3.688094180054184179e-04
4.752184022803614908e-04
1.892040111391194660e-04
7.199462097160922109e-04
6.584976497021330973e-04
7.603526731725624528e-04
5.080274182028374653e-04
4.461224619913765465e-04
5.806891805836130686e-04
3.969210565379488595e-04
5.122390478599403484e-04
5.803126586583666003e-04
8.018115398629476788e-04
4.068894471374103904e-04
5.882083296302602652e-04
4.938184907846660887e-04
3.867121776242854448e-04
7.127263941693340061e-04
4.749656966082892715e-04
4.991731615559065645e-04
6.521679864524742220e-04
2.892382129909169559e-03
1.595396074509708093e-03
1.206283889479894088e-03
5.266397133997930942e-04
2.115088683848619436e-03
6.320983037464371736e-04
7.065448733968310172e-04
1.818192474551877337e-03
2.566497330549992050e-04
2.290879193925988988e-03
3.492047941064194963e-04
7.681887170768339447e-04
1.577043174064998504e-03
1.411676315825296417e-03
2.593255495271789765e-03
3.777037464785064618e-04
2.911602688358656647e-03
3.528432949180362963e-03
1.248366970674877384e-03
4.986261732471709016e-04
9.438461861376572920e-04
1.360814416075131934e-03
1.289703165067685548e-03
1.722495234554708658e-03
1.890239737135829311e-03
1.007240585779862726e-03
3.332670692231005406e-03
5.849377218934907752e-03
3.451583871119881346e-03
2.913989787989020031e-03
1.312875856874225027e-03
2.733298879437319300e-03
5.027928021828770647e-03
4.018657031637533003e-03
2.768823756985305719e-03
3.318668629942919755e-03
2.607925241132839043e-03
2.296740985551180294e-04
2.863739438768119730e-04
1.038252512855691650e-03
2.631112686673952629e-03
3.915553989255225048e-03
2.107117442901128897e-03
4.839875041137081148e-03
4.938945059789119976e-03
3.387416350683756204e-03
3.036560933628292946e-03
4.512260190925362902e-03
1.937310027219900626e-03
2.720842126750394260e-03
4.241028273780860815e-03
2.532989096306248814e-03
3.308286256551941709e-03
1.925111582632105071e-03
2.649697406490547722e-03
5.087700125840842642e-03
5.290411236582098602e-03
2.471359634462317982e-03
4.439949328398129329e-03
3.097986684363967461e-03
1.434880299272054327e-03
3.710837942217460120e-03
1.375885527519581488e-03
1.748976498486332467e-03
7.802029753687797975e-04
8.530506408265909560e-04
3.034759474972182833e-03
3.417437702316631666e-03
1.411553975259795517e-03
3.523780525881653556e-03
1.352940500061593871e-03
1.829666604329807200e-04
1.238290137087991963e-03
2.799270174826285363e-03
3.348987834848183957e-03
2.423559970634822994e-03
3.379212630685077007e-03
5.365032366413354133e-03
5.004159948827750087e-03
2.723179395258071116e-03
5.036658301551874030e-03
2.467009446731219333e-03
6.093362502314833562e-04
1.574729897029069703e-03
1.256259221280470965e-03
1.853692998681783638e-03
2.933939378724931182e-03
1.347896076012666984e-03
1.316414232974909239e-03
2.408127579096871508e-03
3.603658762782384166e-03
1.583692260985240623e-03
4.231784494125544888e-03
9.758573802910808573e-04
1.812679270595241835e-04
2.654910258458301653e-04
3.399581808774017420e-03
4.786712292009171442e-03
2.222108054141341566e-03
2.608225434040239120e-03
5.971186928847620201e-03
5.604055411882036437e-03
2.864575883330287235e-03
5.459286875566395254e-03
8.592434191862692323e-04
7.498432866838025679e-02
5.406348214204264035e-01
1.803428037507675441e+00
1.332885864643651441e+00
