1.848568837333762482e-01
3.153390434900455452e-01
1.735841459841173107e-01
2.150666510080474492e-01
1.594451447784835108e-01
2.327493052602710444e-01
2.394425920457437795e-01
2.266539413049553642e-01
2.307497019877974009e-01
2.321463157182976356e-01
2.268895431944089047e-01
2.235052568125793226e-01
2.103052317687420791e-01
2.374190867649295378e-01
2.269373077005088779e-01
1.525122317444306819e-01
2.539411845923343347e-01
2.524780590025409999e-01
2.549122495019062185e-01
2.125844316376538923e-01
2.355790907924611710e-01
2.543448536149929828e-01
2.351899045044478498e-01
2.317186164104194646e-01
2.272287317757938907e-01
2.155567742683184851e-01
1.418234343235071637e-01
1.920796579553152861e-01
2.369027195319780288e-01
1.606793738982969233e-01
2.605089657858954411e-01
1.791239390298817180e-01
2.157775867634474654e-01
2.467887280027532271e-01
2.688875257654168571e-01
2.772544168058033720e-01
2.076689822411899589e-01
1.923866314034306524e-01
2.472915785999578731e-01
2.134588885462730123e-01
3.338293383434989270e-01
3.304413311698435884e-01
3.503217230519888870e-01
3.341383554606091044e-01
3.532096755597203819e-01
3.414544684252436291e-01
2.633326303252860323e-01
3.304718435637448715e-01
2.347250942206693114e-01
1.886283419671751782e-01
2.657730085419320321e-01
2.571468266971623229e-01
2.122474981018634688e-01
2.192100093443453412e-01
2.319828017776371931e-01
2.078378186340533729e-01
2.297926355986869007e-01
1.952781666932232874e-01
2.728536514485385145e-01
2.643079354739527598e-01
2.225094438479454373e-01
2.317120303769586165e-01
1.994939739800934142e-01
2.331572979119021505e-01
2.386279866764075552e-01
1.674398097734002000e-01
1.900812175383312097e-01
2.660143124311736273e-01
2.711343545684034573e-01
2.684837850847099916e-01
3.165549746884797067e-01
3.528524110781445788e-01
2.853374382001272469e-01
1.919600074590007976e-01
3.222144653833128869e-01
3.157174000451072882e-01
3.531421496827621409e-01
3.589122553748410605e-01
3.249503134800930115e-01
3.367767897816594247e-01
2.387479792556121416e-01
3.138105035129177267e-01
3.108667307755815790e-01
3.298307020108002252e-01
3.366642819397532294e-01
3.402540496872084597e-01
2.614871127111391136e-01
3.504690810334594175e-01
2.768803949114782004e-01
3.093483007651413041e-01
2.961959193562047066e-01
2.769781476876330695e-01
3.001212918354516646e-01
2.866103403182980736e-01
3.173481879921642435e-01
2.773749081130883476e-01
3.396538510050837734e-01
2.818994022321055781e-01
3.558742266651849784e-01
3.289813596666668616e-01
3.407128462520115364e-01
3.223966705828043566e-01
3.216555977966959468e-01
2.581872113362985166e-01
3.069688271283357861e-01
3.263001751121996641e-01
2.626196069467591210e-01
2.906776676857261710e-01
2.866450034311737172e-01
3.380699799542573603e-01
3.529423944354094234e-01
3.345597734443035431e-01
3.429165090753923395e-01
2.417262860307713701e-01
2.041351114944942036e-01
3.159706312678948747e-01
2.882745259275734662e-01
3.090413150309179180e-01
3.449244232486235462e-01
2.560365725306653628e-01
2.260620688718765203e-01
1.809246531302413086e-01
2.369627410317652894e-01
3.017586071086412192e-01
3.344747839506569953e-01
1.408305918671535761e-01
7.741379309551033039e-02
1.307505957606942826e-01
1.192916664002540150e-01
1.112548982803895914e-01
1.649243735294154134e-01
1.221560536903853605e-01
1.205109336213471272e-01
1.080069594413385625e-01
1.142157675437733555e-01
1.171099799970351379e-01
1.030439966178312988e-01
1.465385474885648465e-01
9.498737644351960829e-02
1.510260309646339338e-01
1.188311152042145630e-01
1.614230818407242640e-01
8.817497586483653838e-02
1.399943515472475974e-01
1.003190617598475887e-01
1.319830970340105658e-01
1.131035017507412699e-01
1.158709368062558615e-01
8.773531490703080638e-02
1.217628828077084863e-01
1.037773261734434294e-01
1.074258625872513834e-01
9.854996821346893865e-02
9.305340938110973070e-02
9.595874637556124631e-02
1.536317082786958776e-01
1.311664591946211933e-01
1.255705549019484613e-01
1.118504397228926445e-01
1.128253688591698417e-01
1.401067006992801900e-01
1.039786415830156602e-01
1.589372257838866098e-01
9.991731566200759418e-02
1.357799001620922930e-01
1.158225341481576853e-01
1.007444908056754768e-01
1.499400264800933025e-01
9.774400763087662258e-02
1.255065283337566673e-01
1.394230208458279996e-01
1.124749907081740580e-01
2.075045632973311904e-01
1.641266067526472028e-01
1.595513606027105236e-01
1.451067211308763871e-01
1.350649309114784202e-01
1.565013107454470975e-01
1.555056630465269096e-01
1.473200664466324805e-01
1.516580170461663823e-01
1.678965269238039404e-01
1.704462941272763266e-01
1.685436613504872061e-01
1.093269732412114614e-01
1.380622200175772862e-01
1.437813494697160188e-01
1.462152178758578946e-01
1.062540690052944659e-01
1.260305259783992826e-01
1.210241397825072285e-01
1.289620892685306164e-01
1.872161779000422188e-01
1.834760070975184343e-01
1.469799336239094034e-01
1.222716151694195480e-01
1.353388516752856707e-01
1.493552565143999589e-01
1.487211842539181983e-01
1.464440598979886987e-01
1.549149152373994753e-01
1.912804897776366198e-01
1.670857033290971960e-01
1.287469782212620484e-01
1.448824352011864325e-01
1.473898676238883931e-01
1.967337166905122892e-01
1.896728000821684135e-01
1.503603898975009179e-01
1.470633121268530574e-01
1.288547983771705652e-01
1.714715828432866462e-01
2.184691001355354711e-01
1.982972555736970399e-01
1.991038432386696699e-01
1.345566085510802312e-01
1.736038297465061497e-01
1.803123327888602745e-01
1.885020981041931609e-01
1.785895177837778791e-01
1.159011581372300231e-01
1.144231707251161939e-01
1.313784893801360765e-01
1.018629161408300676e-01
1.895089220137654573e-01
1.924834906865733053e-01
1.847124077844137235e-01
1.920290819870815735e-01
1.262843192335874887e-01
1.184851123753070251e-01
1.431669231666882758e-01
1.703788986695467522e-01
1.685332696886909509e-01
1.851587393485809308e-01
1.807906039263028064e-01
1.695892637878013975e-01
1.470551787164337543e-01
1.989563120842866017e-01
1.687058350590849021e-01
1.098661950033885254e-01
1.791947048648877827e-01
1.980060564322324856e-01
1.821103714671753193e-01
1.841500139618806597e-01
1.630435970609912244e-01
1.657530493816179729e-01
1.815247928072850070e-01
1.777389123966541251e-01
1.271163723137922474e-01
1.291108972774248631e-01
1.723601892028594207e-01
1.797339084517581287e-01
1.708849602604828599e-01
1.688240091554298328e-01
1.736869222839048377e-01
1.302967868473102475e-01
1.333791761298184220e-01
1.704032349310885541e-01
1.579353630592119917e-01
1.122206000341169213e-01
1.753319326175136195e-01
1.578319987471405172e-01
1.894256021550201896e-01
1.582894922163062268e-01
9.222745609720461868e-02
1.325592749339538357e-01
1.630198504343499666e-01
1.650701874133838065e-01
1.734419973528162628e-01
1.093678707784838527e-01
1.637054357988140807e-01
1.350471042253282572e-01
1.131232553634054783e-01
1.608346016077930873e-01
1.826991044191021984e-01
1.408851583038967792e-01
1.458407378240150210e-01
1.313687824783143221e-01
1.709499661202879273e-01
1.079161384942821517e-01
1.063050346713255156e-01
1.426186962255396040e-01
1.524062106190174903e-01
1.216125290734860614e-01
1.701945902365523400e-01
1.750087557888607703e-01
1.669537078841583644e-01
1.544827330637437990e-01
1.222888626179585297e-01
1.774930487700123738e-01
1.791094704836933560e-01
1.944201793322735405e-01
1.200381496074334337e-01
1.307638219411268454e-01
1.777194287926305016e-01
1.892422774011010833e-01
1.982249641126642981e-01
2.224028294163489239e-01
1.932662902009744388e-01
1.716136381130875799e-01
2.051443955618385828e-01
1.947771142503174624e-01
1.878501761291821726e-01
1.812797766255825616e-01
1.781849224853878366e-01
1.773082017772126540e-01
1.678711273695466522e-01
1.741492707411053664e-01
1.628390326218338569e-01
1.995975973735709119e-01
1.120929010518846997e-01
1.203812446747146159e-01
1.286759744737399624e-01
1.179642366552306476e-01
1.420897179201606464e-01
1.840185478862134960e-01
1.203291929449383652e-01
1.390981620590854284e-01
1.742860657249049039e-01
1.823412634360437046e-01
1.436787068241213439e-01
1.764275046946209291e-01
1.148093201001692681e-01
1.663332465160955453e-01
1.533444251012286152e-01
1.771664052282929669e-01
1.475086112966966234e-01
2.018474579479032360e-01
1.619606150419312385e-01
1.688967832615416720e-01
1.976295912181274816e-01
1.401365198468867423e-01
1.177330882272556584e-01
2.205777391076878535e-01
1.247109039796694685e-01
1.413804997263870267e-01
1.148403063454042500e-01
1.899144174099534343e-01
1.824467079832508276e-01
1.897846221920791998e-01
1.996073228977129355e-01
2.120080171323594498e-01
2.065009216226176281e-01
1.609985423574756269e-01
1.995936066268533815e-01
2.036941639127484716e-01
1.907273330641672260e-01
2.043935712626010481e-01
1.934962417789077849e-01
1.784718132702244608e-01
1.549597533460398135e-01
1.716186534688694532e-01
1.373031105713680144e-01
1.508509537030922887e-01
1.349834429845402639e-01
1.804281332826125350e-01
1.938733228693353683e-01
1.795725100926724715e-01
1.426194053094034797e-01
1.834202878301145201e-01
1.341224303009315444e-01
1.788569597388823817e-01
1.601454223257095799e-01
1.861630363045325975e-01
1.101538186188054519e-01
1.698421126882674048e-01
1.350090991692503295e-01
1.292726623157131882e-01
1.877320997723422868e-01
1.895725240599324124e-01
1.774699615162640687e-01
1.932160961465478888e-01
1.711414377196096015e-01
9.956352324565842515e-02
1.095071958510612925e-01
1.130120822933077113e-01
2.217694205232955407e-01
1.071690837278485159e-01
1.690563392873995208e-01
1.265392104489626857e-01
2.122097086552317824e-01
1.603977581512067152e-01
1.920354993691231749e-01
1.484821327001265845e-01
1.433607487458705698e-01
1.769255042471419015e-01
1.835473461040243170e-01
1.916593758473101039e-01
1.950563148735698082e-01
1.647992783127907590e-01
1.762886496639133604e-01
1.936317632386704568e-01
1.600238246795852026e-01
1.438187167329313954e-01
1.514813033017790023e-01
1.514951289204786999e-01
1.904270880808341115e-01
1.656689185417195842e-01
1.586599888739936015e-01
1.373150378593819831e-01
1.190554763802413735e-01
1.680322091755613034e-01
1.821912337763234302e-01
1.619885411670903830e-01
8.324739264008899908e-02
1.551511679508684738e-01
6.860250660101656350e-02
1.549639980847100640e-01
1.431351202795431987e-01
1.960617374864252194e-01
1.089903648880348602e-01
1.258030796502750681e-01
1.002142405940281006e-01
1.626106858676193700e-01
1.183337167390937916e-01
1.654354031827614813e-01
1.267129402551673556e-01
1.408486338274032856e-01
1.426565535152473085e-01
1.143739796990254631e-01
1.462446645340961526e-01
1.482408023337569991e-01
1.444442139274249859e-01
1.510591374525624420e-01
1.247857621819143947e-01
1.509178813193563784e-01
1.103710044464208673e-01
1.404897539648448102e-01
1.654210362562470171e-01
1.646517056306653626e-01
1.672730545781453970e-01
1.325649518323167020e-01
1.033626535412961456e-01
1.412893371944092535e-01
7.893169984519282645e-02
1.559018137596348830e-01
1.304853364491745382e-01
1.167494073486449319e-01
1.464624157035999963e-01
7.714152686884813426e-02
1.333384708502755311e-01
1.479858840834395728e-01
1.572069368811944146e-01
1.141051858680646042e-01
1.874418100525205577e-01
1.199511375965691962e-01
1.457388541592547493e-01
1.328882516027108385e-01
5.786153103653105673e-02
9.124766332062689278e-02
1.501958906944085015e-01
1.248357338033247443e-01
1.523826963343922480e-01
1.387016486323594255e-01
1.481182841700550978e-01
1.558916733240144903e-01
1.509105717533245627e-01
1.273237283521181373e-01
1.437353137945786008e-01
1.547799076035573096e-01
1.595387074322105192e-01
1.423281079299018870e-01
1.598773472421010089e-01
1.379582281120286524e-01
1.647335155188477118e-01
1.391772015612240121e-01
1.403320834284202401e-01
1.114767397619653710e-01
1.883774976704786774e-01
9.931773026980091068e-02
1.451783904417618953e-01
1.629224544256672180e-01
1.624456223763232343e-01
9.652347299999997077e-02
1.131922477342863498e-01
1.572598247947900318e-01
1.288986824474803450e-01
1.606077817928841245e-01
1.446842752308342972e-01
1.407040070097415607e-01
1.675866388653112771e-01
9.610005700400249540e-02
1.169439505112239569e-01
1.288718378796062658e-01
1.569058434038541616e-01
1.582233553318503072e-01
1.122789544789770666e-01
1.131855232613298429e-01
1.395739192905547099e-01
9.153652435762384132e-02
8.817603976577728653e-02
1.324693770626853007e-01
1.288427407867426266e-01
9.534380421643348646e-02
1.181675620889454659e-01
1.214316357871662172e-01
9.514841658892390919e-02
1.051156176380772106e-01
1.196301375059296568e-01
2.099073350296482843e-01
6.852035657958503723e-02
4.565282667989416232e-02
7.225068738998299822e-02
2.197478779608210420e-01
2.009685479515032624e-01
1.876687946088521908e-01
1.834073063301567830e-01
1.835419287816598688e-01
1.544375675506138856e-01
1.338280052223634053e-01
1.134801944313850591e-01
1.200852486556545501e-01
1.538360458758995797e-01
1.485655532155866210e-01
1.467478296486655620e-01
1.595668601169210055e-01
1.064152528530285802e-01
1.157679468763235936e-01
1.907487782107154251e-01
1.318042051838205775e-01
1.739587119373144641e-01
1.406626543494279846e-01
1.643478659582800760e-01
1.253411261526889697e-01
1.371857649207958163e-01
1.277000513964423045e-01
1.994288199106300508e-01
1.080439488981366075e-01
1.161593475429901628e-01
1.654259594116897769e-01
1.955962681598901465e-01
1.788639240832273214e-01
1.040892226609484994e-01
1.916555729381623496e-01
8.522801785472237934e-02
1.186730925494068889e-01
1.959855369370882283e-01
1.723992589409147347e-01
1.366811621986444292e-01
1.218324169210081992e-01
1.131758242310463153e-01
1.222434214506568084e-01
1.835563636171110291e-01
9.688954045165192042e-02
1.209284189362557077e-01
4.952378256870819395e-02
6.941926017577294827e-02
1.488051786084286787e-01
1.921580237131088331e-01
1.126620457544897647e-01
2.247205988608642069e-01
1.830892839807287120e-01
1.622784742761545773e-01
1.586683674364675334e-01
1.316935977030923854e-01
1.335614893695050986e-01
1.024455698557809880e-01
1.625464924133843414e-01
1.617538506812788712e-01
9.131987748115205639e-02
1.561326922745027712e-01
1.179602993693351642e-01
1.081226788455738885e-01
1.123966352820841008e-01
1.802792386897499599e-01
1.520565941168997015e-01
1.634344390772982936e-01
1.208828741600378870e-01
1.532853608447689864e-01
1.126718519913171151e-01
1.245872161825497954e-01
1.308070873286742986e-01
9.815386096971598362e-02
1.610441144047008721e-01
1.301240365825916678e-01
1.619215059720458261e-01
1.392680104627276039e-01
1.647054396844561952e-01
9.550571178811950723e-02
1.424125224530920220e-01
1.735944483545534267e-01
4.413025390957230065e-02
1.565079726697590212e-01
1.940243124044898071e-01
1.474444929333544319e-01
2.194442377761542107e-01
1.365292288429261758e-01
2.014379784832697196e-01
1.794785173918044541e-01
1.311013439659042268e-01
1.098782697966966537e-01
1.993656826535363524e-01
1.717345975076242648e-01
2.464426481299685501e-01
1.017921448163911363e-01
1.328999643065015002e-01
1.157638708265567307e-01
2.017049175330366817e-01
7.768908982274425057e-02
7.056334609452358242e-02
1.029903539164126469e-01
1.489022636217703366e-01
1.853993229424398537e-01
1.886602067640831826e-01
1.814573873955946381e-01
1.945251866216010928e-01
1.833616647827193968e-01
1.910094095969504802e-01
1.748296534800934665e-01
2.363052233305804051e-01
1.694319625673443019e-01
1.734247763479456195e-01
1.773604855819575221e-01
1.745414628674281654e-01
1.690407648646551075e-01
1.861107408561202547e-01
1.373028538723000402e-01
1.699738333699699899e-01
1.717559449731891341e-01
1.782203858227454363e-01
1.782698655781449482e-01
1.199104628188521204e-01
1.603056496117536422e-01
1.680869346833969158e-01
1.389083967954255761e-01
1.095936077926725205e-01
1.306708282770649987e-01
9.853756692778459225e-02
1.529280895912746019e-01
1.713408325938160226e-01
1.620490711806439332e-01
1.790302466384370850e-01
2.210583167700116425e-01
8.911647700847094566e-02
1.348880004540453093e-01
1.455673043886061835e-01
1.930733886509958530e-01
1.746262415840744431e-01
1.681727124509740934e-01
7.940215137590013461e-02
1.660721124642101920e-01
1.350886940021169824e-01
1.501235265793757212e-01
1.476083859171745671e-01
1.924409345132143401e-01
1.387386468892421176e-01
1.405996286980092935e-01
1.463887964737185243e-01
1.467826069418675383e-01
1.073576544233376534e-01
9.749422631941960515e-02
8.921197144445161542e-02
1.531664188170266117e-01
8.422117910101642457e-02
1.521298042164333231e-01
1.117928818617112408e-01
1.236085041163912795e-01
9.435327541783174177e-02
1.003590561173653695e-01
1.687985737509529460e-01
1.472890150726385849e-01
1.646914428119443663e-01
1.644747709415503578e-01
1.561421271198642213e-01
1.600181434879289211e-01
1.750211652210498792e-01
1.722754287458707068e-01
1.643802244623043529e-01
1.302077644540453605e-01
1.891626676342657853e-01
1.649127393287803667e-01
1.231297282189753178e-01
7.706332000688238815e-02
1.397476947951926951e-01
1.576096362734014378e-01
1.448136571952572116e-01
1.442694952170904543e-01
1.168501162883101435e-01
1.022967248896653469e-01
8.420608883481582596e-02
6.620987452045735966e-02
2.435507142695895744e-01
2.405775957945780197e-01
2.387112397289278265e-01
2.456627533936891206e-01
2.153325635078355560e-01
2.213936462340109212e-01
2.242461687592128827e-01
1.342064429983899632e-01
1.289625545972044873e-01
2.196021618291190969e-01
2.152704642393052370e-01
2.268204263574759849e-01
2.246967416596779843e-01
2.093881188807708016e-01
1.200566431943248802e-01
1.099192296412538211e-01
1.202185669412176167e-01
1.237708246271701368e-01
1.013134528187209643e-01
1.975864132070520585e-01
2.064768985938162382e-01
1.502283439538330545e-01
8.975385701800089877e-02
1.367770696448531165e-01
6.326370446992782282e-02
1.013293648121559032e-01
1.275122069966963811e-01
1.248783822064803845e-01
1.223646674254552924e-01
1.362362211308766335e-01
1.513783768987712608e-01
1.355787414622409981e-01
1.038669605436254306e-01
9.611036791041942251e-02
1.744944833212625501e-01
1.257696696531133695e-01
9.470824927848350838e-02
1.587100266939008852e-01
1.565584827543413660e-01
1.872233637295634412e-01
1.556975932731890222e-01
2.014938821795853041e-01
1.753177187079625055e-01
1.838836989542567690e-01
1.221969996875053588e-01
1.744786068418037184e-01
1.243367286493649720e-01
2.154000725478605327e-01
1.986410959980938196e-01
1.927027975618385569e-01
2.132383462793309148e-01
1.933875343329099772e-01
9.871047666200762072e-02
2.423287044110542521e-01
1.148952472407877706e-01
1.649267575603561853e-01
1.766307553748416581e-01
1.256888448598051933e-01
1.960452963523937608e-01
1.843993434377377005e-01
9.912503714718322312e-02
2.616894537229982332e-01
1.712398837233170545e-01
1.642815325167304996e-01
2.524546019089368709e-01
1.849443026152906844e-01
1.403537896253706230e-01
1.764953109803049092e-01
1.720575591704786855e-01
2.060220633218972641e-01
1.888646286422062393e-01
1.831047830211777749e-01
2.212555574701394190e-01
2.100763902856841725e-01
2.157240571597213441e-01
1.742484985312856838e-01
1.489966712689541062e-01
1.556348697856840824e-01
1.166226265866155826e-01
2.104647715353662185e-01
1.913909169673871924e-01
1.236859549841172468e-01
1.367664953269798755e-01
1.977324137299882600e-01
1.591435828487925419e-01
1.633540428678521284e-01
1.651757370989201945e-01
1.732183492340109154e-01
1.776175586266412199e-01
1.428500622499155603e-01
1.578129559036428320e-01
1.712641587099109908e-01
1.504795979042991838e-01
1.148884505686147278e-01
1.512264602674713854e-01
1.572949957198221671e-01
1.501937879148668165e-01
1.521010280167307271e-01
1.613233990139767982e-01
1.622854732977551118e-01
1.620002224498096610e-01
1.417632651768320762e-01
1.661331525581534185e-01
1.593671777001277323e-01
1.665860225669203443e-01
1.434072484904068689e-01
1.627259368763235847e-01
1.458726116084202995e-01
1.533599421187847034e-01
1.545550646486652524e-01
1.576590686988563195e-01
1.741293369263720303e-01
1.500859399930112859e-01
1.263960374253917107e-01
1.464713196679293949e-01
1.661586094169206773e-01
1.616553856056757721e-01
1.572424234148667721e-01
1.691963185008467374e-01
1.570465795222361627e-01
1.616245247206267999e-01
1.650752951643371658e-01
1.516270638648878344e-01
1.649043187958490198e-01
1.544680507516306700e-01
1.586969730425668301e-01
1.596969998791616385e-01
1.470937342096568234e-01
1.479108029102076394e-01
1.404425433462726802e-01
1.669903296964848904e-01
1.725009123583220449e-01
1.782331443646970048e-01
2.002989793188474921e-01
1.198764678187212718e-01
2.530927449576445554e-01
1.563239071622193610e-01
2.430057212791188748e-01
2.528530367942186108e-01
2.016113409898350750e-01
1.796225393574756302e-01
1.829611157008048938e-01
1.547469955151206944e-01
1.997328631088524376e-01
1.735276445390729061e-01
9.283309598305826416e-02
1.060751744725325768e-01
1.017269305811097091e-01
1.902544046632783370e-01
1.467635736992804196e-01
1.355655830751801572e-01
1.323948234415293912e-01
1.310149386842439645e-01
1.984924087422693939e-01
1.460876784944942497e-01
1.411064524378864149e-01
8.401557951524789292e-02
1.972645290046592392e-01
1.105306972071157662e-01
2.177943690402372456e-01
1.686206911552310117e-01
1.303042571230625668e-01
1.186857891535366555e-01
1.493253664921636581e-01
1.327202824265140690e-01
1.189560096889030333e-01
1.340789172005084351e-01
1.263279850559935191e-01
9.058793998820405258e-02
1.200157787467174830e-01
1.097724272219400138e-01
1.156335066238882159e-01
1.101704535417194902e-01
1.168159030174499707e-01
9.915058365586623679e-02
8.280273562727669123e-02
8.119869256861493578e-02
8.519596062706494277e-02
1.121079714218550238e-01
1.049567957891993086e-01
7.861486457090219315e-02
1.111974995042991771e-01
8.358955312282921601e-02
7.147082416052484566e-02
1.703994987628127400e-01
1.017510935582381787e-01
1.119889419864462665e-01
1.110425803987714760e-01
1.051663487642737066e-01
1.238222716209232827e-01
1.255647313680644250e-01
9.031558682803897398e-02
1.156128747446207305e-01
1.169453662530711008e-01
9.959891523422298443e-02
1.435458232229984976e-01
1.101920330516093505e-01
1.223582740352603671e-01
1.252582277628127294e-01
1.118371231454892839e-01
1.229391668737823823e-01
1.387749236876319181e-01
9.191146097098688850e-02
1.230047582090218888e-01
8.525766814908934677e-02
8.023982131533279050e-02
1.375754412707542451e-01
9.773351374862354612e-02
1.091911449716221755e-01
1.114433620729989444e-01
9.604370826646135839e-02
1.097848058636171492e-01
1.189269520376961264e-01
9.668445261817004699e-02
1.101491879117536959e-01
1.278529187799658795e-01
1.072474308398982529e-01
1.035724339041509123e-01
1.746878539944942133e-01
1.052626164860226005e-01
1.077039914419314209e-01
1.415797967136803448e-01
1.079511905129184740e-01
1.184184619169123820e-01
1.308675071446415983e-01
1.007874957157981061e-01
1.273312389777636333e-01
1.306623525667089392e-01
9.322180761012263672e-02
1.499350263485816348e-01
9.988338884519229466e-02
9.386405789983048864e-02
9.431739458979257473e-02
9.817292848936881589e-02
1.240018033623891125e-01
1.332065254072429261e-01
9.337302084307523564e-02
1.104992609423972455e-01
7.588301810359764088e-03
1.065517914492269611e-02
7.494834869265359911e-03
6.992870832798184569e-03
1.017972377632785606e-02
1.055873144998516026e-02
9.948412098487083299e-03
7.756165980303911592e-03
7.786256224051458889e-03
8.135707936186800660e-03
8.885233391664132743e-03
8.179576029993643888e-03
8.416002761482396788e-03
9.096380661550190760e-03
6.979483110343058343e-03
6.738953676277000329e-03
8.572762666339233187e-03
8.789418725417209172e-03
9.007844708467853054e-03
8.866346133026274667e-03
8.527528164560373505e-03
9.681117095749453005e-03
8.403813825523081746e-03
8.441036254686562490e-03
8.885449338727641547e-03
8.091466565518852516e-03
6.994555066050407721e-03
9.920681326253674021e-03
8.873000239036411135e-03
1.006236081338626222e-02
1.138398353291110096e-02
7.830300547427931218e-03
1.123392110300509492e-02
1.088078656039668732e-02
9.535236337407892310e-03
1.045726781861437346e-02
9.130155022708544288e-03
8.833769983489846850e-03
8.271379975052110811e-03
8.278167769506584658e-03
1.066211542344558047e-02
1.045378392569673923e-02
1.144855706473615550e-02
1.042993186803039055e-02
1.112092486001397228e-02
1.139626242989623395e-02
1.042217941487503553e-02
1.040847580707240753e-02
8.098733138076267754e-03
7.044643147829104599e-03
1.194385370049321632e-02
9.438385518909318816e-03
9.831534493907220090e-03
9.617782328428645458e-03
1.009240867448200907e-02
9.991874342513747814e-03
1.057049777620198104e-02
1.219841623180646303e-02
1.497932298190406304e-02
1.401573381322533153e-02
1.034974738528400377e-02
1.200299303005507474e-02
1.206520026062050423e-02
1.018872331353453883e-02
1.118390159233053661e-02
9.008930448109306668e-03
7.042332678835269352e-03
9.968365581892658922e-03
9.709212328958069169e-03
1.123976923716093514e-02
1.131509429294770726e-02
1.200116207184432661e-02
1.096364681114765996e-02
6.938254642371443834e-03
1.101618005646758103e-02
9.702133447024779977e-03
1.187269338582865562e-02
1.260275591816157649e-02
1.123847403583017046e-02
1.224715379334181953e-02
8.148101110884127876e-03
1.188863912727020945e-02
1.174262028938562533e-02
1.206858983573253462e-02
1.038336811866158275e-02
1.291768106745657015e-02
9.641071795355782292e-03
1.143167770300000489e-02
9.276299879947708452e-03
1.132939429478761924e-02
1.047065558355569914e-02
8.390002721429468818e-03
1.065810490912958743e-02
9.786497104058442323e-03
1.130801113834624567e-02
9.298790192313860503e-03
1.196329237545319842e-02
8.976637573912489565e-03
1.234893450388332807e-02
1.015384060517850705e-02
1.104756963282299900e-02
1.095972597170544183e-02
1.066047575730311517e-02
8.307403510805135699e-03
1.212301178558023579e-02
1.044588467605616321e-02
8.710345487698016934e-03
1.044803155303219294e-02
1.051472501504322442e-02
1.174610494984760882e-02
1.220883263839475132e-02
1.136912465237994475e-02
1.218212086489284252e-02
9.883598402954246742e-03
6.710469361541731605e-03
1.030211738990555181e-02
8.798016489579412250e-03
1.115418270282864284e-02
1.184431562758511865e-02
7.583498044926938186e-03
7.909937761349959337e-03
5.754806053251804339e-03
8.744084249843091586e-03
1.011678796439072908e-02
1.016971803049428538e-02
2.099143628370435909e-03
3.245118385180220362e-04
1.720939837952141158e-03
2.498581769036221684e-04
1.254174118463358524e-03
2.468132422401711750e-03
2.060923658649720797e-03
4.842173121963991062e-04
2.992241981807499968e-03
1.686432005022657932e-03
3.489224229650573919e-04
9.803185316661633397e-04
1.465923382960436418e-03
7.741257762543412614e-04
1.044349782629608227e-03
1.075983924161221482e-03
1.893963937411477678e-03
3.503660025884373984e-04
1.824517721737820876e-03
6.484158516429675782e-04
1.295976594831090099e-03
1.973418855669416619e-03
1.738252919652852812e-03
1.254295251262028000e-03
2.084931308208024577e-03
1.856030562375117498e-04
2.160183266439135059e-03
7.442934377124531264e-04
1.623175899666030343e-04
2.435110668485383355e-04
3.931036349459504468e-03
3.518427484253393214e-03
3.199415873270430952e-03
3.166389126333550314e-03
2.061806648238830898e-03
1.121792890865035532e-03
1.669590396258848961e-03
1.753700982095727839e-03
1.465474235067535779e-03
1.562354274428631035e-03
1.670034096489202407e-03
1.270163146879077628e-03
1.662711931752703948e-03
1.362789998494490966e-03
2.054432907746083295e-03
9.717279200573721151e-04
1.085143138311094784e-03
3.987834954624961542e-03
1.176779894848666496e-03
1.044323451684897380e-03
2.044800592720058194e-03
1.534225545821896750e-03
1.987264790331194891e-03
3.985009876438586063e-04
2.900636529764704600e-03
1.097663235261093915e-04
1.627760674607838789e-03
6.082313362977403992e-04
2.502588815823991297e-03
1.941114375845409560e-03
2.145521993765983626e-03
4.549670458813694085e-03
4.429741793332159575e-03
1.118558424493818967e-03
1.376295913011221566e-03
2.798200118616981074e-03
2.610592863108844065e-03
1.983958421285169586e-03
2.256169331240408509e-03
1.536490713961626313e-03
2.224368072987500597e-03
1.552670480103346970e-03
4.104312028173447884e-04
3.424652520789925759e-04
1.526714784842653303e-03
1.175092105897713101e-03
4.968503284701389616e-04
7.617765094229595781e-04
3.942457421794808188e-03
2.899588486191016952e-03
4.802258714215361986e-04
1.988294216750585621e-03
1.319964893231469769e-03
1.528234342851950015e-03
1.357053524796483389e-03
8.796132429302587095e-04
2.784421484857769850e-03
2.769260805669988140e-03
4.817246669601848649e-03
1.201725414002093300e-03
2.588477946903427248e-03
2.295266029632337182e-03
1.640103929715586596e-03
1.674080881761964108e-03
9.182873736471823664e-04
1.817166988430969285e-03
1.244273333388860089e-03
2.846871522335879794e-03
1.064941473564375235e-03
6.444410754010590318e-04
3.007005389710502678e-03
2.750453573111771941e-03
1.207990008140402563e-03
3.724809591826335267e-03
4.156748186822741345e-03
4.716748187965880482e-03
3.309191871541080580e-03
3.294411622452566180e-03
1.137809656889873702e-03
5.881704179773397309e-03
3.208415862638707696e-04
1.544875951158621724e-03
3.546326543721335569e-03
1.631444455124077438e-03
1.094383883389535121e-03
3.823776200376454663e-03
2.685615120301147220e-03
2.361893564471833316e-03
2.205699627611072688e-03
3.743591063296479709e-03
6.537407652542757313e-04
8.378250232314697491e-04
4.355437978853317392e-04
3.376894010874413425e-03
3.655934008979870673e-03
2.352496796397354241e-03
3.663809308713894802e-03
3.422627536025701390e-03
2.596558164096080153e-03
2.543117431379070606e-03
3.542932039063030527e-03
4.067115162373134522e-03
2.815016415666331696e-03
2.573573628580898276e-03
1.158871883461248071e-03
1.227385341305422834e-03
1.145067924325921107e-04
1.860880191695952601e-03
1.656317402420542885e-03
1.831707706370668248e-04
1.144441759105452924e-03
7.694505348242721907e-04
1.428169914957642820e-03
4.059958502672600064e-04
9.004504171584103676e-04
1.347231136244388333e-03
3.621703038607594540e-03
4.076774954278480044e-03
2.293626003094025468e-04
2.642813270137140021e-03
1.414126425578784540e-04
1.853909482672422586e-03
7.398745030791813518e-04
2.759031896577704771e-03
6.045818831305163924e-04
1.505419605748430827e-03
7.291437014857699928e-04
4.191147441013787223e-03
2.215259316247991141e-03
6.354792314949149175e-04
1.764495793347308893e-03
2.800274618417267214e-03
2.343317612620919414e-03
4.513251788775092359e-03
2.593377867464294849e-03
1.328857236305929163e-03
2.021784372603645415e-03
8.113714524488225156e-04
4.832035189695900630e-03
3.851472017450010502e-03
1.045153281845084218e-03
6.664007404000210676e-04
2.120232800593814006e-03
2.775258778555064233e-03
1.801533716555656084e-03
3.739002120134059769e-03
2.846266995472043846e-03
4.041379668576020393e-03
3.653848728374846453e-03
3.485060941980093648e-03
2.879648976282146115e-03
3.148078496204174872e-03
2.388424173521803799e-03
2.524705337880560254e-03
3.394244697375055093e-03
7.646861179250313834e-04
3.251977009199071705e-03
2.502304384049762812e-03
7.294395369626821297e-04
2.850726550109164859e-03
3.736706039220043674e-03
3.886782282171320681e-03
4.539957983111806220e-03
2.131029023922235283e-03
2.539797934065485437e-03
3.772802998856431608e-03
4.718705312451713929e-03
4.432892764451294601e-04
7.930498931815102960e-04
4.016929460288115594e-03
4.666012744547444403e-04
1.625643586371876368e-03
2.743717125231887044e-03
3.922130955260468184e-03
8.190211403612458101e-04
1.723351987965284155e-03
5.276915890015883986e-03
3.785496368994911622e-03
2.684649028945049372e-03
2.605957912624310866e-04
1.272137653494492902e-03
2.526143720159669103e-03
2.034176461128332954e-03
2.097061444054997090e-03
8.838291799870597997e-04
4.735258366454455324e-03
4.844051274546161238e-03
5.322272775871214785e-03
2.786581289994993077e-03
1.022402927463197768e-03
3.394425418535007826e-03
1.785519743126854492e-03
1.057931640203465130e-03
6.896932837467185592e-03
7.193230292382461668e-04
2.135703783261538608e-03
2.046826078741211322e-03
3.581990129368901616e-03
4.226179337151220183e-03
5.049858387593187531e-03
2.641963405338841695e-03
1.283020737536704403e-03
2.764619405703508392e-03
1.098612719002391158e-03
2.023414239603810606e-03
8.224570759086413142e-04
9.717210288689117530e-04
1.247622180365520576e-03
3.991707866868490773e-03
7.497681714002522218e-04
3.671911758826008031e-03
1.133265473824038652e-03
1.749697519750596222e-03
2.618686987392584639e-03
2.917374766240768674e-03
3.956082357838424345e-03
7.221247147516518397e-04
3.868531928990481903e-03
5.845249979321476188e-04
2.633615291176413450e-03
1.275885218526961106e-03
3.633287085428902902e-03
1.230067043339687794e-03
1.146193520008727479e-03
2.157657632891955314e-03
3.003233024152900284e-03
3.204123742782079894e-03
3.422051380133474784e-03
1.390387492376746669e-03
4.124077380138037666e-03
1.335732199844958355e-03
4.305827733079208366e-03
2.432210950432018865e-03
3.335525456134617265e-03
2.661243500179368178e-03
3.181122354615406253e-03
3.372551680704925694e-03
8.949629506629642713e-04
2.525964789351739688e-04
6.638808340652273049e-04
6.634995175006326356e-04
3.135630741153751146e-03
2.765230756266201604e-03
1.697539811548072746e-03
2.655848805257524439e-03
3.915799192294314342e-03
9.803751661902661025e-04
2.326451208032940914e-03
2.727897825492085239e-03
2.697531418659253289e-04
5.995110890737166643e-04
1.742091303747778599e-05
1.785394466444579836e-03
3.178339192644276910e-03
2.734912649966317680e-03
2.713026953108466175e-04
7.433868513876124972e-04
9.355102681457014638e-04
3.459739983525619757e-03
3.515884869694912702e-04
2.282038627859020539e-03
1.315898099846591089e-03
2.916117774565453197e-03
1.744276124683670623e-03
6.593877239194675510e-04
1.386784702286108400e-04
3.255454442762216721e-03
4.295023136957881044e-03
4.029552413620503780e-03
2.460250998714573261e-04
2.141986721682554232e-03
5.723729257648481642e-04
2.230292385647673122e-03
2.163161594325005693e-03
4.567501774325283216e-04
2.074420473317445564e-03
4.187718915234189647e-03
2.681333700535146972e-03
3.255272155110921963e-03
3.242243014502326734e-05
7.616408813866976275e-04
1.287587172773398646e-03
2.589503763935541505e-03
8.459208141826361381e-04
2.988729446508266315e-04
7.201585186819124554e-04
2.217115332776989096e-03
3.378868474334077374e-03
2.420246116944345242e-04
1.819505663123189079e-03
1.357149460857053243e-03
3.487342154630865125e-04
1.698256948935300114e-03
1.052343076666664110e-05
7.925151153356644511e-05
3.967144711701404113e-03
4.164585868666971849e-03
1.858152553456906891e-03
4.206950881089564255e-03
2.709388224548982781e-03
4.167914855944215673e-03
1.570823247908599085e-03
4.227669326608859621e-03
5.392399249781031773e-04
3.832278256173755112e-03
2.191324985107330047e-03
4.245798456730461024e-03
1.119992630299024121e-03
4.293793109245235863e-03
7.594843707006603212e-04
4.245217957852461324e-03
1.720747418096505452e-03
6.509099219622404642e-04
1.167387388179796665e-03
4.003267511279123662e-04
1.685794589358640891e-03
3.411603217857491085e-04
1.359347025681952124e-03
1.230006302187841441e-03
1.276963034216223921e-03
1.288294662012491208e-03
6.350545313441348372e-04
2.136600136271217618e-03
1.699588842257262989e-03
1.480349631084094649e-03
1.810326142086728356e-03
2.739595113210721773e-04
3.743527496050406446e-03
6.876579717046783563e-04
3.719946129974398882e-03
1.219013938099650172e-03
1.985177693830198018e-03
3.458597953279182475e-03
3.235351703716642276e-03
5.676313637565866743e-04
2.264830149466333636e-03
3.024511855581198030e-03
1.061093083445361447e-03
4.341043093075589929e-03
2.658080409179580574e-03
3.484696184023517579e-03
1.176579846715882166e-03
4.770883042565526476e-04
6.481939186577701407e-05
2.225980225125637549e-03
2.150587243467805406e-05
1.027531017806015456e-05
2.265556752453829663e-04
4.561718964182556908e-03
7.990889823929263292e-04
4.439353176671738052e-03
1.446044773540473925e-03
2.651907764588834742e-03
2.646467472051038453e-03
2.042206356924961344e-03
1.298590938914501777e-03
1.875289371852307228e-03
1.726392777393282330e-03
1.981413405713167934e-03
2.543476166700573728e-03
2.965068149448598853e-03
1.653593033731872840e-03
5.727958959913979041e-04
2.004209701165250278e-03
1.196615107936000247e-03
5.447564041853444547e-03
3.332215196538220511e-03
3.173224774140266310e-03
1.611276660603902988e-03
1.482967365092124033e-03
1.244066438149830055e-03
1.542712132399619166e-03
3.341974801327000141e-03
4.452613843655452153e-03
3.563758002766207172e-04
1.428748072663485772e-03
2.869154289307264839e-03
1.935903022318719296e-04
2.301344395820414078e-03
1.226093271548075894e-04
2.398575281421012808e-03
1.154295161703933724e-03
3.935676670452926615e-03
2.673536205450023542e-03
4.734978164783983155e-04
1.428521517338414545e-04
4.416769559251580452e-04
1.856136591797330091e-03
6.859687180957224411e-04
1.341489819746932840e-03
9.242918581787380240e-06
2.334454343681269961e-05
1.727294808920582739e-03
3.188041781598473842e-03
5.965714429630672184e-04
2.666749323697018784e-03
3.669035929132531508e-03
1.551862859467384188e-03
8.675159287092129579e-04
1.288960235729220884e-03
3.101106397552326195e-04
3.087622619380477724e-04
2.033397263944551701e-03
3.595877592542014731e-04
2.074270744869382286e-04
1.794689868437733104e-03
1.407200199279965520e-03
1.947801397977127905e-03
1.407615103800295697e-03
3.506354447891367378e-03
3.655757473385025554e-03
4.729345238118238919e-03
9.103446849834803071e-04
1.526057929310455780e-03
2.847355801233283803e-04
3.547841657940715293e-03
3.880757854971886994e-03
8.734228929792436100e-04
1.258354381361541678e-03
1.715565492963999324e-03
1.138678429638204743e-03
8.768220331466751579e-04
3.661857000719440265e-03
2.647141970438802766e-04
9.260880384617960724e-04
1.246213663445997280e-03
1.366200411976706036e-05
3.508612311917407630e-03
2.196589525675709653e-03
2.144387218977975712e-03
2.719974558866664754e-03
3.111305787075177142e-03
3.891246420294793441e-03
2.063056670903703864e-03
1.394530935306862720e-03
3.763009801711348235e-03
1.640358084450018123e-03
9.919482962298421802e-04
2.793260088166626444e-03
5.052769574041096915e-04
4.243484067134687407e-04
7.619750511963373121e-05
4.364926669142957065e-03
3.651787950584058225e-05
4.621269033587463681e-05
4.045004121774247526e-04
4.299247821363801590e-03
2.428343954554630993e-03
1.493055893964990652e-03
2.008392164958719764e-03
1.186666111535072910e-03
6.706325533498303654e-04
1.001508146425326637e-03
6.024165479928622830e-04
1.471900664580283978e-03
2.413078805240752907e-03
2.853710001106528251e-03
5.225845891055264092e-03
3.991175675579200673e-03
4.688069145257098454e-03
1.780749752999462570e-03
9.502358147210061660e-04
4.687976406028791267e-03
2.513164505893162020e-03
3.014067810854750579e-03
3.792962508981961595e-03
1.067728506259850874e-03
7.266975292073130609e-04
1.109820415612664370e-03
1.075057054171505528e-03
1.339298237000870152e-03
3.748794543014413987e-03
2.847154221734019236e-04
1.925467699071787913e-04
2.073722916639561195e-03
2.587198850230188526e-03
3.688036225615110367e-03
5.192409811933886704e-03
2.143915318369330825e-04
1.337884805682927397e-03
1.161448041292246569e-03
5.665701678925463142e-03
5.587490628501117981e-03
2.213922357533248345e-03
1.924994234543105987e-04
4.406143510231894989e-04
1.129581788503221862e-03
1.724619866921925674e-03
1.647250535142797973e-03
3.846148756905711039e-03
3.463102144610980329e-03
3.455794777665395501e-03
3.583505049825929691e-03
3.846168820047870390e-03
1.794197014927999137e-03
1.140766555826619845e-03
1.974185282001270959e-04
4.199386006705639780e-03
5.446298617765122719e-05
2.938165172056541935e-04
6.050344091675147109e-04
1.722692875048837378e-04
1.298307640177890254e-04
7.921065179556537311e-04
3.954268699099333043e-04
7.962224281041708953e-04
2.959010896570514752e-04
3.262093158083428489e-04
3.330377679847519134e-04
4.629946868509733334e-04
6.755106834948625301e-04
3.781244535380135960e-04
2.251905837535579744e-03
1.159659152521811103e-03
2.071734631584288330e-03
4.082585487168946363e-03
1.794831901797754134e-04
1.801939407033036251e-04
1.737493941285259483e-03
3.323343376810349720e-03
6.856031776079597132e-04
1.547354773425463998e-03
2.162574277729766709e-03
4.763564007626858317e-04
2.282944962066923056e-04
1.029576436688883686e-05
3.348493568004776589e-03
3.857121401299231939e-03
3.387112419631719846e-03
3.430866438639975768e-03
4.863006861856850223e-03
3.431617067494502262e-03
4.182546198056775501e-03
4.680502433291819538e-03
4.527411078076880313e-03
2.950178639871671622e-03
2.555117553031555425e-03
1.315696140465755009e-03
2.495725302222154707e-03
2.964976443221093751e-03
6.317517770912747408e-04
2.663627738221298769e-04
4.380721133556981194e-03
8.630807428123689166e-04
6.403938585961436785e-04
4.585973874842865818e-03
5.023334516321482923e-03
3.814072432870598689e-03
8.786214816464740091e-04
1.473870804134054004e-03
2.210125491467181675e-05
2.044663276783777704e-03
4.198659613345769991e-04
3.229771368208389330e-03
4.281390793794987576e-03
4.136872849032325987e-03
3.201706670417617164e-03
1.182293968314397040e-03
1.847887970859173317e-03
1.168840804372933261e-03
7.387969198904680576e-04
1.329222017874779260e-03
3.023247264776574646e-04
1.340633490613023010e-03
3.218751846083651221e-03
2.538798634668129345e-03
3.477369638693692238e-03
2.356584070012920917e-03
2.512248058049847826e-03
3.552081924077320641e-03
1.557619718300771181e-03
1.783126126318740953e-03
3.617670799405327871e-03
2.113315678673948796e-03
2.451424105674394806e-03
2.611813151771022121e-03
1.992758570664080083e-03
2.018861405113515049e-03
1.270817848041296677e-04
1.457878855027549322e-03
3.137266029085340139e-03
9.130080490293346123e-04
1.759008317155566839e-03
3.778061753764155786e-03
1.554405015648389291e-03
1.050305540840025835e-03
3.132635580817251433e-03
1.494501418241218427e-03
1.144504564301335441e-03
3.199574444622878180e-03
2.544058035359250767e-03
2.154776979684222809e-03
4.086137654961240727e-03
2.137114605021978551e-03
3.931002866382174617e-03
1.326998518686763702e-03
4.922562209025829749e-03
2.222653640473533799e-03
2.987222847474419948e-03
2.738072666154152488e-03
2.418390262498812480e-03
3.514911150668602931e-03
3.939625848362994856e-03
3.649618807290331678e-03
3.330596477055950636e-03
2.565620294521135138e-03
1.918910279012495850e-03
3.803790355371037320e-03
1.593178121316274950e-03
2.581122735600470657e-03
1.912889313325353809e-03
1.563373242773781610e-03
2.425946642921433544e-03
1.817819276462085678e-03
1.850580496678453247e-03
1.955611691518595752e-03
2.044721324546798502e-03
1.819710433693983061e-03
1.778726941548277934e-03
8.403517123774653446e-05
1.851832341856889455e-03
1.765414055909995906e-03
1.669352109380372413e-03
1.985009938909214951e-03
1.450744110972209842e-03
1.565797456716770805e-03
1.404792587239064210e-03
1.929836710124519612e-03
1.785561331123213446e-03
2.508062373717989419e-03
1.390729321216287780e-03
2.383746584319775246e-03
2.745230147453936193e-03
1.510836826715286499e-03
1.765248768248625817e-03
1.667792967180205688e-03
1.155245626282765071e-03
1.759580918796012101e-03
1.130854015259680602e-03
1.370955503039563220e-03
3.769703400172627356e-04
2.518087407586424697e-03
1.896236550081388354e-03
2.487443265699212838e-03
1.723174279753578869e-03
1.455643852621283426e-03
1.808106764073059893e-03
1.655151111898962423e-03
1.739610159611863164e-03
1.817344031125245644e-03
1.804079375212410286e-03
1.012363250141444298e-03
2.073263815890513239e-03
1.547451121755950409e-03
1.292864499013597710e-03
2.010779147298726033e-03
1.817453159379104656e-03
2.137623697721962625e-03
1.852525845792216477e-03
9.483945291141486489e-03
4.732428286966961807e-03
1.865780921528294905e-03
9.812185630564376933e-04
4.485180800130742981e-03
1.136881114581941550e-03
9.746610549347729151e-04
5.215649659419757667e-03
9.682021334346147413e-04
7.444581752276577431e-03
7.182649505552282047e-04
4.071783699746508826e-03
4.701398920193131624e-03
5.318926355696748827e-03
2.487985204225328772e-03
1.075898348465265152e-03
6.246400185199492937e-03
8.022389148562070194e-03
3.768931676273626179e-03
2.267120774127486145e-03
1.271862479976915757e-03
1.550997354411052945e-03
5.551010425640174467e-03
9.818786380139761169e-04
2.572784724745982680e-03
4.482288548216852193e-03
8.597989077309839412e-03
1.308159884642944894e-02
7.837377768214734419e-03
7.138051484243976806e-03
2.372963662794355059e-03
2.414066399706663035e-03
7.211982288523925699e-03
8.639444752356627982e-03
6.986466125015586628e-03
4.970318543049558058e-03
6.813432563972876554e-03
3.836835166137971031e-04
1.700574466197586881e-04
1.549475380232816831e-03
7.213244072710687030e-03
8.413835500423542599e-03
6.065949004246062870e-03
4.271009049928007131e-03
9.154913381109656620e-03
7.766274210069223395e-03
7.248129077975441932e-03
5.412906696357482408e-03
6.826030897314688990e-03
3.619259813584084322e-03
4.218496109955520781e-03
7.672331744392872112e-03
7.452894931457026799e-03
5.310925397771087964e-03
2.340292739879929786e-03
8.631567121660327357e-03
8.492369681634892239e-03
6.002675603634054051e-03
5.731050037990252990e-03
7.372544064669604713e-03
1.287099849686574021e-03
3.916663250529435654e-03
5.883722934931167291e-03
5.752388066641249582e-03
2.695703803895179405e-03
7.511729448937527970e-04
4.000206595861356858e-03
8.448369717990228747e-03
6.348156050590854187e-03
4.074451420446845509e-03
5.958664683801344342e-03
8.765173923047454082e-05
1.672303373575177287e-03
7.819952288524993633e-03
7.314736092462949257e-03
6.480344167054201930e-03
3.470910339816815540e-03
7.997893177998753600e-03
9.010595922511639710e-03
6.198462296653962748e-03
6.064741929322343267e-03
6.616504826473957462e-03
7.406713563854066835e-04
1.127400892420591392e-03
1.381234991616160125e-03
7.274616109007434397e-03
7.513660554827837450e-03
4.300444694096999115e-03
1.833919143531556909e-03
4.076312759444723592e-03
8.533594022001881468e-03
5.777561051124526122e-03
5.427784861260064736e-03
5.246243997196723893e-03
1.219412148718764666e-04
2.653444217344345241e-04
8.770162932184032839e-03
9.031208242971187211e-03
5.530934490864058972e-03
2.532487771143579480e-03
8.475612641324866900e-03
9.567313557496820442e-03
6.970661238088525849e-03
6.340966296772576963e-03
4.673799019782080779e-04
2.026332062685281543e-01
5.765480728504852603e-01
3.223829733163921407e+00
2.316995739093612006e+00
