-3.008095000000000074e-01
-3.758498999999999781e-03
-1.704014999999999697e-02
-6.507393000000000205e-03
-2.182001000000000426e-02
-6.075802999999999759e-02
-6.800610999999999809e-03
1.178930199999999977e-02
8.623710999999997448e-03
1.740036000000000013e-02
-1.308040000000000071e-02
1.615030699999999960e-03
-4.323928999999999793e-03
-8.081516000000000394e-03
8.258235000000000922e-03
-1.868776999999999938e-02
-7.743381999999998655e-02
2.172480999999999718e-02
1.811660000000000353e-02
-2.513239399999999714e-03
6.596340999999999056e-04
2.004045999999999952e-02
2.035690000000000069e-02
1.769000299999999625e-03
-2.677519800000000005e-03
1.030152699999999956e-02
3.112869999999999873e-02
-6.237070999999999588e-02
-7.933083000000001883e-02
-9.869984000000001784e-03
-5.334605000000001290e-02
-4.724434000000000446e-03
-3.581656999999999896e-02
8.564946000000000365e-03
1.535407999999999738e-02
1.526472500000000026e-03
-6.474393500000000983e-04
-1.066316699999999770e-02
-7.652180999999999220e-03
-1.182916699999999981e-02
1.056712600000000134e-02
6.556979999999999580e-03
1.942341000000000206e-02
-2.963732999999999645e-03
2.275450940000000189e-03
-3.984342999999999566e-03
-1.125838599999999870e-02
-5.926564999999999958e-03
-1.113516899999999685e-02
-2.174000000000000238e-02
1.360067999999999867e-02
-1.433875000000000080e-02
7.016164999999999555e-03
-9.197724999999996875e-03
1.305312200000000034e-02
2.799944999999999865e-02
-2.180204000000000170e-02
1.135973800000000030e-03
2.162652000000000324e-02
2.488835999999999826e-02
1.534507599999999916e-02
-1.910242000000000190e-02
6.156174200000000003e-04
1.517136999999999999e-03
-4.838860400000000520e-03
2.649652999999999731e-02
3.411645900000000349e-03
-2.414619000000000140e-02
1.166251899999999966e-02
1.777306000000000025e-02
1.918413000000000063e-02
-3.823473999999999233e-04
8.515644999999998771e-03
-4.178667000000001359e-03
-6.221391999999999201e-02
7.374648999999999397e-04
-1.175091999999999977e-02
-7.541283999999999661e-03
-4.338392999999999416e-03
1.770574999999999927e-02
-1.872738000000000527e-03
-3.605187369999999971e-03
2.669823399999999691e-03
3.213700099999999924e-03
1.263355999999999854e-02
2.149314999999999299e-03
5.561659999999999521e-03
4.320969000000000025e-03
1.118703600000000090e-02
1.427927000000000016e-02
2.090816499999999419e-03
-4.727818000000000818e-04
8.655371999999999719e-03
8.356185999999998087e-03
9.825238000000001762e-03
-2.416896000000000517e-04
1.283474999999999720e-02
3.243888999999999800e-03
7.049728999999999805e-04
-5.065336999999999618e-03
9.922326000000000409e-03
1.297424999999999794e-02
-1.383380999999999847e-02
-3.397723000000000496e-03
-7.754907000000000120e-03
2.015399000000000357e-02
1.742354999999999945e-02
-6.246293000000000852e-03
-8.221457999999998763e-04
3.450128200000000291e-03
-1.678755999999999998e-02
-4.229148000000000390e-04
1.069407900000000043e-02
-1.587234000000000214e-02
-9.599369999999999431e-03
4.408953999999999651e-03
-2.939360900000000110e-03
-1.817971000000000170e-02
3.229837399999999862e-03
1.425258000000000080e-02
-2.509586999999999929e-02
-4.275917899999999612e-03
1.077495699999999820e-02
6.396446999999999550e-02
-1.787661700000000090e-03
1.326892000000000002e-02
5.484250999999999883e-03
1.754828400000000080e-03
6.591797400000000504e-04
-3.080340999999999635e-02
2.129186000000000273e-02
1.251730000000000030e-02
1.744396000000000141e-02
1.752482999999999819e-02
2.170477999999999644e-02
4.709819999999999111e-03
6.054775999999999214e-02
-1.372541299999999794e-03
6.179468000000000460e-03
1.787831999999999963e-02
-1.995849899999999934e-03
2.749763000000000207e-02
-1.486488599999999990e-03
-9.353132000000000112e-03
7.688569000000001000e-03
-7.934683300000000637e-04
-2.897989200000000189e-03
-3.012773200000000342e-03
-7.226575000000000706e-03
-4.994639000000000023e-02
-9.771194000000000407e-03
4.474171999999992575e-05
5.254742000000000180e-04
1.136833100000000062e-02
-5.679736999999999807e-03
-1.862205999999999931e-02
-6.600291000000001185e-03
8.508788999999999242e-03
-2.412967400000000373e-03
1.450338100000000052e-03
1.011484600000000025e-02
-4.482037599999999901e-04
1.625616999999999687e-02
8.262662999999999952e-03
5.199748000000000564e-03
-4.317116000000000182e-03
9.360392999999998104e-03
-1.515481999999999940e-02
2.278927000000000470e-03
5.683043000000000469e-04
-2.173845599999999975e-03
1.846737000000000031e-02
7.691010999999999334e-03
-3.181474599999999878e-03
-1.555673999999999946e-02
-1.342017000000000036e-02
5.027554000000000051e-03
1.979577999999999893e-02
-4.377882999999999081e-03
1.806312000000000195e-02
-8.474089000000000621e-03
-8.829654000000001016e-03
2.519793000000000033e-02
3.347598999999999714e-03
5.056384999999999179e-03
-1.756632999999999806e-02
-3.386950000000000984e-03
-1.435978000000000254e-02
6.368468999999999866e-03
-1.040798700000000222e-02
-1.615612999999999772e-02
2.136740000000000167e-02
-1.658793000000000073e-02
2.744196800000000235e-04
2.125433199999999991e-03
7.331335500000002578e-04
-8.639509000000000077e-03
9.384900999999997578e-03
-4.753037999999999361e-03
7.168539999999999504e-04
-1.091802300000000239e-02
7.975600999999998830e-03
1.271275090000000170e-03
-3.426769500000000686e-03
-2.221932000000000074e-02
-1.089231900000000100e-02
9.888291999999999481e-04
1.074792099999999882e-02
8.090900999999999302e-03
2.342042000000000429e-02
5.267398000000000392e-03
-8.277614999999998585e-03
-9.816945000000000532e-03
-9.179295999999999983e-03
-6.826253999999999482e-03
1.145344400000000012e-02
1.890575399999999944e-03
1.454524000000000095e-02
1.029532300000000032e-02
-1.742487249999999680e-03
5.738739000000001381e-03
8.725687999999998806e-03
-3.275311599999999705e-03
2.006343300000000378e-03
1.920123340000000301e-03
2.092571000000000361e-02
-1.993434999999999652e-02
8.678479999999998834e-03
-2.365206100000000373e-03
-7.716129999999999864e-03
-6.952556999999999834e-03
-1.394159900000000157e-03
7.713749000000000647e-03
2.417802900000000019e-03
1.079609200000000019e-02
1.000597699999999923e-02
1.485337999999999936e-02
-6.867263000000000187e-03
1.010910099999999881e-03
-1.975719999999999907e-02
2.033680300000000052e-03
-2.437071300000000391e-03
-8.340830000000000466e-03
-9.176362000000000407e-03
-8.881897999999999183e-03
1.471666000000000120e-02
3.923623999999999862e-02
1.962918000000000301e-02
-1.226116000000000011e-02
-6.075034000000000857e-03
3.122321430000000401e-03
3.287917999999999917e-03
7.411998999999999845e-03
1.845831499999999988e-03
-1.266683000000000045e-02
-2.123212999999999837e-02
-1.249111999999999965e-02
9.158552999999998098e-03
-3.108730999999999994e-03
2.421217299999999916e-03
-4.318710899999999783e-03
5.435427999999999961e-03
3.493188900000000242e-03
-4.422279000000000314e-03
-1.243157700000000095e-02
-3.944763599999999773e-03
1.253599299999999875e-02
-1.432809800000000092e-02
7.602746999999998243e-03
-1.428926599999999839e-03
1.765026000000000095e-02
-9.267580000000000956e-03
5.948290000000000174e-03
-1.840866000000000030e-02
4.553362000000000034e-03
6.554743000000000028e-03
3.013629999999999434e-02
-2.102267000000000025e-02
-6.887513999999999963e-03
-1.696343999999999977e-02
3.857109999999999532e-03
-2.063582669999999928e-03
1.418813999999999796e-04
-3.285691000000000306e-03
-1.747512999999999844e-02
9.395986000000000268e-03
2.250817000000000095e-02
-2.197404000000000024e-02
4.012595999999999351e-03
6.802559000000001424e-05
-3.958499799999999277e-03
1.327922099999999904e-02
-3.227491300000000403e-03
-1.572952999999999851e-02
1.968097399999999518e-03
-2.391707529999999911e-03
9.489479999999999790e-03
1.408265999999999685e-02
1.352371999999999949e-02
-1.337204600000000028e-03
-2.854812999999999448e-02
-1.676739400000000144e-03
5.281031999999999740e-03
3.029435000000000461e-03
-6.846510000000000096e-03
2.554335000000000459e-03
1.217360999999999964e-02
6.315633000000001052e-03
5.945097000000000749e-03
5.795888000000000775e-03
-9.833180999999999866e-03
-1.026519000000000043e-02
1.687978900000000008e-03
-2.396449099999999315e-03
-4.160802600000000975e-03
-3.332029999999999714e-02
-1.442584000000000054e-02
2.091426099999999563e-03
4.155698000000000031e-02
2.211085499999999957e-03
1.341929000000000038e-02
6.778786999999999660e-03
-1.761086080000000362e-03
-2.921560730000000248e-03
-6.858343700000000924e-03
-4.863152399999999846e-04
4.564887000000000111e-03
2.267224799999998459e-04
2.059151330000000366e-03
9.214592000000000616e-03
-1.016640499999999989e-02
-2.336775999999999784e-02
8.261602000000001569e-03
-6.857381999999999540e-03
1.628701999999999234e-04
8.198216000000001225e-03
4.501368000000000383e-03
5.009117999999999037e-03
-2.956275999999999869e-03
-2.936251000000000139e-02
-3.900694999999999857e-02
-2.823486000000000051e-02
-4.627340999999999399e-02
-5.620857999999999410e-03
1.026952999999999894e-02
-1.925031000000000008e-03
2.565868200000000297e-03
1.851891999999999774e-02
8.743402000000000812e-03
5.953492000000000766e-04
-1.883352999999999763e-02
6.340975999999999904e-03
1.662252000000000174e-02
2.892187999999999530e-03
-6.593187000000000353e-03
9.280009000000000521e-03
-1.514045000000000321e-02
-1.000901599999999905e-02
-1.734731999999999941e-02
2.436663999999999497e-02
-2.656878999999999838e-02
3.387351000000000251e-02
-2.400087000000000054e-02
1.322492900000000159e-02
-1.134643900000000157e-02
-1.278629079999999991e-03
-1.520053600000000310e-04
-2.171881999999999979e-02
1.444572500000000041e-03
-2.413450000000000317e-02
5.551548000000000767e-03
-4.544283000000000523e-03
1.890324000000000171e-02
-1.455000999999999864e-02
1.752681000000000031e-02
7.761053000000001263e-03
1.006434200000000043e-02
-1.759461999999999832e-02
-1.745072600000000061e-03
-6.650021000000000751e-03
1.382304799999999924e-02
1.371495000000000353e-02
1.496230999999999776e-02
-2.463881000000000057e-02
-5.845468000000001232e-03
9.673741999999999064e-03
-1.772003000000000120e-02
3.190579700000000050e-03
-1.029274400000000124e-02
1.958520000000000053e-02
-7.598888999999999297e-03
1.682383000000000142e-02
-1.061248899999999926e-02
1.859729099999999887e-03
-2.392383400000000233e-03
-3.560578400000000143e-03
-2.620403339999999390e-03
6.520081999999999961e-04
-1.916935000000000308e-04
1.032361900000000176e-03
1.038632500000000007e-02
3.185341499999999691e-03
7.159367999999999288e-03
9.723864999999999939e-03
-2.398065300000000108e-03
1.659148000000000220e-02
1.291099200000000048e-03
-5.511184399999998970e-03
-1.087090899999999805e-02
-3.012503699999999947e-03
1.493927999999999923e-02
-6.526727999999999870e-03
-5.673163000000000164e-03
4.603766999999999929e-03
-3.466157000000000092e-03
2.269362799999999868e-03
-2.112059999999999979e-02
2.463204999999999995e-03
-2.469500000000000341e-03
9.451327999999998425e-03
-4.160518999999999676e-03
4.398072099999999866e-03
1.204669500000000136e-02
-2.407677999999999555e-02
-2.459190999999999678e-04
-1.036811699999999961e-02
8.060528000000000831e-04
-1.118747000000000144e-02
1.575446999999999959e-02
6.405516999999999678e-04
1.236689699999999996e-02
1.176257000000000170e-02
1.073950800000000004e-02
6.459582099999999771e-03
4.566719999999999807e-03
1.272316199999999967e-02
9.613557999999999479e-03
-3.365964000000000369e-03
-3.389495399999999884e-03
6.444018000000001009e-03
6.702293989999999740e-04
5.259534499999998390e-04
9.895750999999997771e-03
9.023438999999999419e-03
-9.376518999999999826e-03
-2.551977999999999885e-02
-3.522280000000000463e-03
-1.624020999999999798e-02
8.156398999999999941e-03
1.935898000000000480e-02
1.293653000000000164e-02
-1.642713999999999980e-02
2.074735999999999941e-02
-1.268816999999999862e-02
-1.191604900000000147e-02
-2.110519000000000284e-02
-1.581574999999999648e-02
-5.283993999999999323e-03
2.633003499999999816e-03
3.270046600000000615e-03
-6.349773999999999870e-03
-1.518132000000000162e-02
-1.468520000000000068e-02
-2.655746999999999969e-04
-5.412776100000000036e-04
7.751792999999999878e-03
-2.404476000000000183e-02
-2.836300330000000348e-03
-1.471991999999999745e-02
-3.592122199999999636e-04
7.550288999999999959e-03
6.343143999999999345e-03
-1.358127999999999766e-02
-9.009506999999999932e-04
-1.960532000000000247e-02
1.473462700000000057e-03
5.762883999999999368e-03
6.304319000000000069e-03
4.999892999999999178e-03
-2.913692000000000278e-03
-3.107785900000000368e-03
-8.363535000000000066e-03
-2.967942200000000391e-03
7.822044999999999693e-03
-3.465482000000000284e-02
1.070724899999999855e-02
-6.419162000000000826e-03
1.010832900000000097e-02
1.346306899999999938e-02
9.362103999999999565e-03
-5.621240999999999044e-02
1.778607000000000105e-02
-9.507810000000000220e-03
3.672722000000000486e-02
-4.149991000000000790e-02
-9.374148000000000550e-03
1.760547899999999983e-03
6.414097000000000548e-03
4.791333000000000159e-04
6.853518000000000283e-03
1.685568999999999956e-02
-4.033399000000000012e-02
-5.981583000000000386e-03
5.983605000000000347e-03
-5.018940000000000380e-03
-8.751423000000001229e-03
-1.419880000000000100e-02
-1.680237299999999892e-03
9.131903000000001977e-03
8.030965000000001019e-03
-2.780914999999999776e-02
-1.073006200000000201e-02
1.219544599999999868e-02
1.083749899999999870e-02
1.291220000000000215e-02
-3.382124999999999715e-03
-8.909929000000000460e-03
9.542999000000001661e-03
1.445934480000000315e-03
4.654522300000000015e-03
6.261205000000000589e-03
8.574309000000000444e-03
-3.831816000000000388e-02
-3.281040299999999493e-03
4.419158000000000287e-03
1.621215999999999630e-02
-5.489503000000000611e-03
-1.671170000000000294e-02
-2.785749999999999685e-02
-8.923639000000000571e-03
1.859762000000000221e-02
-1.480176000000000061e-02
-6.414901000000000630e-03
1.011127099999999980e-02
-5.899817999999999382e-03
-1.953974000000000336e-02
1.531302000000000184e-02
-1.246470000000000043e-02
-8.097478999999999441e-03
4.532739700000000711e-03
2.208701999999999888e-02
1.068098200000000206e-02
-2.036979000000000220e-02
1.056143600000000043e-02
-1.053069900000000100e-02
5.672879000000000463e-03
1.249853999999999896e-02
8.039735999999998717e-03
1.179187899999999990e-02
-5.274981400000000337e-04
9.254057999999999035e-03
1.163594999999999907e-02
-2.851389000000000180e-03
-8.721339999999997783e-04
-5.763496900000000421e-04
5.452150000000000225e-03
2.476564199999999744e-03
-4.192083000000000094e-03
-2.982828169999999623e-03
7.628717999999999611e-03
-4.003298000000000273e-02
6.574002000000000664e-03
-6.442943700000000476e-04
1.457304999999999885e-02
-5.594344000000000226e-03
-2.033758999999999567e-02
-3.934179000000000148e-02
1.072462599999999926e-02
-2.664097999999999813e-02
-1.082764300000000138e-02
-2.201309800000000091e-03
-9.823789999999998912e-03
-5.391841999999999989e-03
-4.157648000000000593e-02
3.918076799999999776e-03
-9.771849000000000854e-03
2.437613999999999753e-02
1.895607000000000195e-02
-7.416635999999999888e-03
1.038533299999999833e-02
1.303096199999999837e-02
-1.560484000000000003e-02
1.917345999999999981e-02
-2.281696599999999929e-03
-1.194666999999999518e-04
1.367248000000000074e-02
-1.107357900000000006e-02
1.332272999999999964e-02
1.370184399999999905e-03
-2.769210600000000452e-03
6.134591000000000002e-03
1.008076399999999900e-02
1.544075999999999782e-02
-9.862302999999999348e-03
-2.711016530000000171e-03
3.245229000000000863e-02
7.401265999999999227e-03
-2.645058800000000643e-04
-4.721008999999999969e-03
6.306377000000000163e-03
5.493304000000000242e-02
-1.201061799999999895e-02
-1.197298299999999954e-02
-1.193469200000000022e-02
4.569607299999999504e-03
-3.493892500000000782e-03
-1.015995999999999913e-02
8.186815000000000064e-03
1.871309900000000127e-03
8.824240000000005489e-05
3.815342000000000646e-03
1.311594400000000091e-02
1.057935999999999946e-02
3.528583999999999974e-03
1.229449499999999904e-02
2.672435999999999822e-03
6.522282999999999380e-03
-2.055883000000000016e-02
-1.095406800000000083e-02
-3.226365000000000482e-02
-1.857336999999999877e-02
1.066347199999999849e-02
4.549931399999999383e-03
1.091255499999999913e-02
1.366226000000000072e-02
4.180872999999999881e-03
-1.436365699999999843e-02
-3.762248199999999789e-03
-5.850067999999999935e-03
1.592322000000000182e-02
9.533770000000000439e-03
8.479300000000000379e-03
-2.900240999999999930e-02
6.997081000000000481e-03
1.016779800000000046e-02
-1.698359300000000082e-03
-2.076116000000000246e-03
-5.424983200000000044e-04
-1.180713000000000248e-02
-4.451425999999999755e-04
-1.241230800000000037e-02
-1.292169999999999777e-02
2.089361000000000083e-03
6.611332999999999620e-03
4.179921999999999978e-03
-8.889293000000001235e-03
1.269904199999999893e-02
1.530788999999999934e-02
2.252090500000000165e-03
4.932363999999999846e-03
6.034954000000000360e-03
-8.361082000000000583e-03
2.144044999999999979e-02
-5.945594000000000226e-03
5.350570000000000326e-02
1.312612899999999983e-03
1.652479000000000101e-02
-4.478281199999999823e-03
-3.336241999999999680e-02
6.601943000000000741e-03
5.988366000000000175e-03
-8.390345999999998181e-03
3.641651999999999563e-03
4.833200000000000170e-03
-3.491295000000000596e-03
1.260885900000000004e-02
2.164266999999999580e-02
2.468668900000000124e-03
-7.696368999999999780e-03
2.564102300000000063e-03
-6.390225999999998852e-03
1.007312900000000185e-02
8.507236999999999091e-03
-5.092683100000000226e-03
-5.080947700000000393e-03
6.837648999999999463e-03
-7.653784999999998888e-03
2.391520000000000104e-02
8.995121999999999493e-03
-2.044913800000000038e-03
3.227811299999999804e-03
1.321810000000000411e-04
-2.515368100000000499e-03
-5.176332320000000308e-04
-3.535379000000000386e-03
2.713321999999999783e-03
-1.048604900000000076e-02
-1.116937299999999980e-02
-9.015899999999998568e-03
-2.769846799999999692e-03
-6.018192000000000333e-03
2.079061000000000103e-03
4.034753999999999771e-03
2.654486699999999543e-03
4.118931000000001022e-03
7.665492999999999786e-03
7.886836000000001234e-03
-1.294113999999999855e-02
-1.818985000000000046e-02
-8.501774000000000137e-03
1.412437499999999197e-04
1.103855600000000145e-02
7.896128000000000521e-03
7.932035000000000474e-03
-2.286391999999999938e-02
-5.195489000000000183e-03
7.013303999999999719e-03
-3.236990800000000192e-03
4.041426000000000740e-03
-1.012455700000000104e-02
-2.130816948000000335e-03
-1.067734899999999917e-02
1.157565500000000067e-02
2.313000999999999946e-02
-4.316281500000000541e-03
4.021901999999999422e-02
1.415251800000000022e-03
3.373802900000000271e-03
1.580492000000000181e-04
8.024578999999998916e-04
9.400434999999998653e-03
-6.306240000000000283e-03
1.074921300000000052e-02
1.599023999999999585e-02
3.499457000000000088e-03
1.953215000000000159e-02
-1.127564199999999892e-02
-9.600291999999999853e-03
3.170785000000000270e-02
1.218619999999999773e-02
-1.811529300000000193e-03
-1.764426099999999746e-03
-8.416851999999998973e-03
-2.111567999999999865e-03
-2.423418000000000100e-02
1.621341999999999922e-02
3.296289000000000163e-02
9.131611999999998588e-04
-3.140324700000000132e-03
2.060792999999999653e-02
1.366771699999999937e-03
1.570679000000000172e-02
1.028456600000000019e-02
3.066351000000000146e-03
9.522848700000000662e-04
-2.529369000000000062e-02
-9.445780000000000842e-03
-2.260223999999999914e-02
1.559892000000000223e-02
-2.245594999999999883e-02
-1.482412999999999960e-02
4.092190999999999364e-03
-8.726475999999997119e-04
8.931690000000000809e-03
-1.046722699999999909e-02
-9.823504000000000264e-03
-7.047771999999999024e-03
3.777685600000000449e-03
1.251867540000000051e-03
1.048514299999999885e-02
-6.439301199999999774e-03
6.810875999999998695e-03
5.456271000000000385e-03
1.256406500000000273e-02
4.655730000000000285e-03
-6.087115999999999187e-03
-7.427249999999999608e-04
1.105854200000000107e-02
4.019470100000000065e-04
8.520998000000001849e-03
-6.197856999999999325e-03
-1.625879999999999687e-02
4.306115000000000116e-03
8.652911199999999744e-04
-8.173256000000000271e-03
1.270346999999999969e-02
7.350101999999998983e-03
-9.450834000000000188e-04
1.052747699999999863e-02
8.832850999999999203e-03
1.536978100000000076e-03
2.817969999999999937e-03
1.701245999999999575e-03
2.973284999999999990e-03
-9.155514999999999704e-04
-7.743709000000000096e-04
-4.456695000000000101e-03
6.507037999999999711e-03
6.929116000000000788e-03
-1.305111100000000066e-02
7.774124999999999786e-03
1.001405600000000035e-02
1.688551380000000157e-03
6.135856999999999770e-03
3.800739999999999501e-03
6.567649999999999530e-03
1.156724500000000030e-02
-9.903614000000001555e-03
8.758819000000001020e-03
9.716028999999999291e-03
5.321396000000000806e-03
-1.905723700000000031e-03
-3.738842999999999507e-03
-4.945647000000000064e-03
3.665943000000000500e-03
-8.743238000000000398e-03
1.278536860000000072e-03
7.488754999999999717e-03
5.173610999999999835e-03
2.447230600000000096e-03
8.668923000000000254e-03
3.033766790000000119e-03
4.061092000000000521e-03
-6.052601000000000335e-03
1.106726900000000111e-02
1.350513500000000144e-02
2.338114999999999985e-02
9.969454999999998596e-03
-4.287801000000000806e-02
3.613844000000000084e-02
1.852513000000000076e-02
-1.665621000000000115e-02
2.197794999999999957e-02
1.808432999999999916e-02
1.029546000000000107e-02
4.435762000000000212e-03
2.307965000000000017e-02
-3.429034999999999722e-02
4.695581000000000060e-02
-3.142085300000000726e-03
1.520124200000000370e-03
1.604302900000000032e-03
-9.440609999999998586e-03
-2.087067999999999909e-02
-4.226103000000000498e-02
5.849075999999999581e-02
2.083236999999999936e-02
-4.926062000000000149e-03
5.646370000000000555e-02
-5.496192999999999045e-03
-8.004670999999999315e-02
1.117650000000000032e-01
-3.715544999999999959e-02
-5.039968999999999699e-02
8.673503000000000809e-03
2.458020000000000344e-02
-4.378847000000000295e-02
-1.120930399999999980e-02
1.892671380000000066e-03
-3.349923999999999957e-02
-2.678161999999999557e-02
-6.941955999999999127e-03
5.376793999999999844e-03
3.101561400000000211e-03
3.362861000000000409e-03
-1.243151399999999941e-02
6.364267000000001576e-03
-3.416109999999999980e-02
-1.346919999999999715e-02
-1.620354999999999712e-02
-1.077140500000000126e-02
2.055868999999999665e-03
-8.668858000000000119e-02
-2.029185000000000190e-03
1.786989000000000286e-02
5.514400000000000031e-03
-4.490109400000000077e-03
-4.094874000000000083e-03
-8.226297999999998556e-02
-6.479199000000000763e-02
-2.557653399999999713e-03
1.302631999999999922e-02
-2.890116999999999686e-02
-3.681034000000000389e-02
2.855484999999999968e-02
-1.218512000000000067e-02
3.552191999999999850e-02
-2.448315999999999687e-02
5.298340999999999815e-03
-3.381654999999999384e-02
-7.289680999999999245e-02
-7.397486999999999813e-02
-1.128895599999999930e-02
-1.742511999999999880e-02
-3.689242000000000216e-02
3.567311000000000093e-03
-4.060224000000001057e-04
3.799705999999999917e-02
1.818906999999999816e-02
1.616057790000000050e-03
3.314206000000000096e-02
-6.118177999999999811e-02
-1.607060999999999906e-02
-2.887229000000000184e-02
-1.100275499999999948e-02
-1.106217400000000101e-02
1.038765800000000100e-02
-2.878240000000000312e-02
-4.925422999999999607e-02
-3.462614000000000143e-03
3.220507000000000231e-02
2.181849999999999762e-02
-3.503683099999999658e-03
4.139380000000000143e-02
-6.685613999999999446e-02
-1.000873100000000161e-02
-6.558498999999999753e-03
9.176667999999998720e-04
1.545379000000000370e-02
1.334702999999999931e-02
2.781747999999999860e-02
-2.735155300000000067e-03
-5.585790000000000199e-03
-5.782132999999999023e-02
-4.991902999999999618e-02
2.465735999999999969e-02
1.881019999999999914e-02
1.133622800000000028e-02
2.075793999999999903e-02
-9.084710000000001395e-02
-2.772440999999999794e-02
-2.108469000000000315e-02
-6.141377000000000815e-03
-6.685767999999999052e-03
6.707823000000000258e-02
-3.158264999999999510e-03
-1.206646000000000107e-02
-1.751916999999999711e-02
1.011988999999999977e-04
4.614184999999999814e-03
-4.581002120000000205e-03
-2.277543000000000276e-02
2.399410999999999905e-02
-9.662326000000000595e-03
-5.710861999999999709e-03
7.624638000000000249e-02
-1.000911300000000004e-02
-3.577613999999999794e-02
-7.347213000000000008e-03
-1.393287999999999992e-02
-2.166714000000000140e-02
-1.687011999999999887e-02
-1.695699680000000266e-03
-7.296318000000001722e-04
-2.140481999999999801e-02
1.304862000000000036e-02
1.062641600000000103e-01
3.511820999999999693e-02
-1.140109299999999756e-02
6.530147999999999509e-02
3.778414799999999744e-03
-3.556719000000000547e-02
1.644728999999999983e-02
-1.131753400000000062e-02
-2.867810000000000151e-03
-2.363158000000000272e-02
-5.197039999999999993e-03
6.421976999999999720e-03
-1.991564000000000181e-02
7.528747999999999170e-03
-1.924863899999999838e-03
-4.169457999999999151e-03
-1.963023539999999949e-03
-1.660405000000000214e-02
-7.216128999999999079e-03
5.035977999999999982e-03
-9.200549000000000574e-03
-7.623747999999999636e-03
1.809329000000000146e-02
-5.136438200000000183e-03
-1.024430709999999984e-03
-3.085083999999999743e-02
1.044811099999999951e-02
1.961449999999999999e-02
-2.712050190000000246e-03
1.168491000000000148e-02
3.443042000000000324e-02
1.166288899999999920e-02
1.799693999999999947e-02
4.485765000000000065e-03
-1.888652000000000039e-02
2.326041799999999885e-03
2.779567000000000149e-02
2.225395999999999971e-02
-2.433166999999999969e-02
4.200320999999999916e-02
1.256766199999999854e-02
1.596374999999999877e-02
-8.551027999999998930e-04
-3.013573299999999962e-03
-3.001448800000000583e-03
4.202850000000000162e-03
-1.954632999999999718e-02
1.573019999999999974e-02
1.354496999999999993e-02
1.451036499999999729e-02
-1.638990855000000161e-03
2.715017699999999930e-03
-1.170286500000000153e-02
1.094296800000000083e-02
1.803394800000000103e-02
8.216287999999998676e-03
2.601774900000000147e-03
3.985525999999999652e-03
-7.583697000000000354e-03
9.847744999999999763e-03
-1.297611999999999897e-02
-1.723514700000000231e-03
-4.642155999999999713e-03
-2.996454400000000094e-03
1.733346900000000065e-03
1.309109199999999862e-02
-1.252639500000000006e-03
8.108123999999999540e-03
-2.635394800000000052e-04
1.619232000000000310e-02
1.302543999999999924e-02
-1.679962000000000122e-02
8.810740000000000932e-03
-7.004281000000001089e-03
-1.041779100000000090e-02
-4.742132999999999939e-03
-5.003259999999999826e-03
-2.213296210000000042e-03
2.428982000000000016e-02
8.255795999999999274e-03
-1.010913800000000015e-02
-1.296167999999999973e-02
5.227936399999999571e-04
-1.048166999999999849e-02
1.638268000000000016e-02
1.212574899999999817e-02
-6.708991000000001821e-03
-6.646085000000000360e-03
-7.751613999999999553e-03
-2.711997000000000366e-02
7.046727000000000025e-03
-5.969425999999999899e-03
-8.490371000000000029e-03
3.090075999999999934e-02
-1.501139999999999940e-02
-2.292316999999999966e-02
-1.491510259999999973e-03
3.109295399999999904e-03
-5.640547999999998702e-03
2.877879870000000281e-03
-2.531033999999999715e-02
3.960182000000000459e-03
-1.160103200000000070e-02
4.053267000000001022e-03
1.082457899999999910e-02
1.392099999999999935e-02
3.312453999999999399e-02
-9.937320000000002956e-03
1.247767500000000057e-03
-8.321332000000000728e-02
-3.041526999999999924e-04
-8.856297999999998560e-03
-3.195216500000000459e-03
2.252823700000000390e-03
-2.588071999999999595e-02
-1.991499999999999868e-02
2.735823000000000074e-02
-1.114788799999999989e-02
-1.829286000000000106e-02
9.858360000000000040e-03
2.560677800000000191e-03
1.174355999999999881e-03
-2.642637000000000631e-04
1.389240999999999913e-02
4.060272999999999660e-02
-7.329310000000000339e-03
8.011126999999999831e-03
2.390497999999999928e-02
-4.082534000000000163e-02
-2.349830999999999795e-02
-2.030631100000000223e-03
-4.202117499999999742e-03
-5.956963329999999564e-03
-6.280489999999999684e-03
-1.985395599999999813e-03
-1.039708700000000104e-02
-8.567835999999998814e-03
-2.731704000000000424e-02
-6.254471000000000162e-03
-2.079605999999999816e-02
-1.282699100000000113e-02
-7.260521000000000683e-03
-4.853869999999999713e-03
1.501165999999999959e-02
9.035307999999998840e-03
-4.005955299999999948e-03
1.244323299999999972e-02
-1.112771199999999967e-02
-1.966314999999999730e-02
4.099129200000000252e-04
-2.589051999999999890e-04
1.744055569999999888e-03
-1.193273700000000055e-02
1.251107100000000208e-02
-1.104122600000000294e-02
2.348412999999999889e-02
-1.964576000000000169e-02
-1.474380000000000135e-02
9.515368000000001478e-03
-1.139198800000000046e-02
4.698641499999998798e-03
9.435109000000000551e-03
1.314231299999999922e-02
2.418098900000000776e-04
-1.645493700000000281e-03
2.217855510000000478e-03
8.789848999999998885e-03
-4.956350999999999465e-03
-4.336970700000000560e-03
1.971218999999999749e-02
-3.100348000000000166e-03
4.150497920000000181e-03
-3.023316999999999671e-02
7.245137000000000452e-03
8.769957999999997839e-03
-1.024493200000000173e-02
4.285625999999999845e-03
-5.162786000000000805e-03
-7.151667000000000440e-03
-2.986363000000000212e-02
-3.516885799999999816e-03
-1.274865000000000026e-02
1.056592060000000055e-03
7.552637000000000933e-03
5.744186000000000084e-03
3.372532299999999369e-03
1.467824899999999912e-02
-8.403305999999999276e-03
-5.366101999999999331e-04
2.517188000000000064e-03
3.047221000000000348e-04
4.167386000000000354e-03
1.622418999999999945e-02
5.089237000000000795e-03
1.825937999999999867e-02
-2.022347999999999854e-02
-7.883572000000000149e-03
9.682469000000000839e-03
2.623272800000000116e-03
-2.104378000000000151e-02
1.787374290000000353e-03
1.219134300000000205e-02
6.962147999999999601e-03
4.802003000000000001e-03
2.614430000000000226e-02
-3.555723399999999920e-03
9.220282999999999691e-04
4.741164099999999569e-03
9.121235000000000107e-03
3.896688899999999588e-03
-2.272871000000000266e-02
-1.516724999999999844e-02
-8.845598200000002326e-03
3.471856800000000000e-03
6.089597000000000412e-03
8.395341000000000609e-03
-2.833647199999999970e-03
1.386397130000000064e-03
2.142475000000000022e-03
-2.303832400000000152e-03
5.099992000000000240e-03
-2.537589000000000164e-02
9.228688999999999990e-03
5.843718999999999823e-03
2.062610999999999611e-02
-2.355642600000000010e-03
1.028465000000000108e-02
-5.278520699999999892e-03
5.630201000000000476e-03
-1.323932599999999874e-03
-5.981526999999999504e-03
5.741517999999999275e-03
1.838243100000000073e-03
5.904758499999998838e-04
-9.688562000000001256e-03
-1.579317000000000221e-02
1.120565699999999908e-02
1.052279999999999882e-02
-6.804455199999999253e-03
-6.967458999999999632e-03
4.215918999999999917e-02
-7.213397000000000732e-03
-2.807188159999999752e-03
3.222280520000000200e-03
-1.007799500000000105e-02
-4.041543000000000739e-03
4.632410000000000867e-03
-4.526678000000000125e-03
1.773363999999999843e-02
-1.486111000000000029e-02
1.033898099999999882e-02
1.377636999999999959e-02
-4.077168000000000805e-03
3.127677499999999885e-03
9.069153999999999410e-03
7.426436999999999275e-03
-4.277501000000000220e-02
8.329887000000001096e-03
-2.184859000000000107e-02
1.032542099999999956e-02
-1.047632900000000124e-02
-8.652846000000002230e-04
-4.119275090000000007e-03
1.946459000000000036e-02
-3.633202699999999678e-03
1.028004199999999748e-03
9.298436000000000201e-03
-3.572471599999999469e-04
-2.191600799999999984e-03
1.733118000000000072e-03
-4.109441000000000135e-03
-1.090118099999999937e-02
3.589022999999999346e-03
-1.437928400000000086e-02
5.903756999999999928e-04
-4.734145000000000367e-03
1.166442400000000093e-03
6.508510000000000337e-03
3.073850999999999840e-03
5.370829100000000175e-03
1.074668900000000024e-02
-6.198550999999999193e-03
-3.949061999999999495e-04
-6.732343999999999481e-03
4.123330999999999177e-03
1.066345500000000050e-02
-2.915147999999999785e-03
-7.002827000000000530e-03
5.109488000000000571e-03
-1.054312199999999852e-02
7.606142000000000632e-03
9.436996999999999053e-03
-6.824372999999999898e-03
9.024314000000000294e-03
-9.815219000000000027e-03
1.438539799999999889e-02
-1.239590999999999957e-02
2.061013999999999902e-02
-1.287378700000000112e-02
-3.659408649999999850e-03
1.167712199999999811e-02
4.139663999999999497e-03
-1.185678199999999974e-02
-1.119729799999999789e-02
-1.932044999999999596e-02
-5.453565059999999388e-03
9.019295999999999564e-03
-3.213757600000000016e-03
1.833058000000000257e-02
1.469075299999999737e-02
3.759750999999999371e-02
-1.740987899999999920e-03
1.482939799999999798e-03
-3.748305099999999553e-03
3.370115929999999778e-04
-1.070480799999999968e-02
5.312739000000000350e-03
-1.006786699999999944e-02
-5.676886999999998084e-04
-3.048764200000000316e-03
-1.820500500000000023e-03
9.314685999999999105e-03
4.877231000000000101e-03
3.537504999999999816e-02
-4.300756000000000197e-03
6.878830000000000708e-03
1.853152000000000271e-03
-1.417815000000000221e-03
4.834240000000000065e-03
-5.440792790000000163e-03
6.384048999999998412e-03
-6.632387000000001523e-04
2.927492500000000025e-03
-1.004962000000000043e-02
4.691525999999999683e-03
-2.489594099999999956e-03
8.565849999999999853e-04
7.684108999999999514e-04
-3.014510000000000106e-02
4.461248699999999061e-03
1.979701000000000030e-02
1.152534199999999918e-02
8.515635999999998304e-03
-1.041947199999999950e-03
5.859678999999999582e-03
-1.889900000000008451e-05
5.083268999999999635e-03
-6.473978999999999498e-03
8.316964999999999081e-03
1.575531999999999974e-02
2.771394999999999761e-02
-5.034886999999999176e-03
7.776716000000000358e-03
2.550281999999999896e-02
-2.352445999999999704e-02
-1.948164000000000146e-02
-8.600899999999999865e-03
-4.947436899999999374e-03
-2.063661500000000225e-03
-3.232949000000000152e-03
-2.068618000000000193e-02
1.638600800000000095e-03
-3.667702400000000251e-03
7.076936000000000684e-03
-1.148681000000000008e-02
1.466323600000000050e-03
1.002930700000000119e-02
3.731674199999999129e-03
5.441492999999999504e-03
5.022532000000000559e-03
-2.011726000000000139e-02
1.938358999999999915e-02
-1.041878000000000075e-02
-7.163581999999999936e-03
1.844024999999999831e-02
-1.963318999999999828e-02
1.250524800000000006e-02
-1.389641000000000140e-02
3.844488000000000072e-02
-7.114462999999999690e-03
1.037406899999999965e-02
5.935136000000001445e-03
-1.043580400000000035e-03
7.378616000000000168e-03
6.253859000000000935e-04
-1.970954999999999929e-02
8.471246999999999458e-03
-1.252949199999999971e-02
1.023281900000000064e-02
1.056549500000000114e-03
1.446995000000000052e-02
5.685054000000000149e-03
-7.976676000000000252e-03
-4.592238899999999228e-03
5.564936999999999835e-03
-6.556881999999998253e-03
-1.936046999999999768e-02
-1.468296399999999930e-03
8.962318999999999841e-03
-7.761658999999999746e-04
1.272181900000000053e-02
-6.509007899999999687e-03
1.199443699999999929e-03
1.136326240000000128e-03
-1.079249600000000038e-02
-1.011538699999999999e-02
-5.998185000000000495e-03
1.652735499999999965e-03
1.358686900000000142e-02
8.784461999999998091e-03
-1.110632500000000022e-02
-6.604357999999999410e-03
1.429506000000000179e-02
4.206594999999999605e-03
-1.198044800000000118e-02
-5.480142999999999820e-04
6.928379999999999608e-03
-1.605132999999999907e-02
7.401614999999999844e-04
7.036439000000000235e-03
-2.925279499999999984e-03
3.443923000000000210e-03
4.975697999999999753e-03
-1.300254000000000132e-01
3.389495000000000181e-03
1.285617000000000010e-02
-3.071294999999999928e-03
4.109586699999999947e-03
-1.164464500000000034e-02
-2.579094899999999965e-03
6.399797999999999945e-03
-4.746788999999999523e-03
-8.354005000000001152e-03
9.052327000000000637e-03
-1.037231400000000140e-03
-8.373125000000000359e-03
-7.122059000000001763e-03
-6.817804999999999482e-04
5.675407399999998119e-05
5.273324999999999714e-03
1.670590000000000269e-02
2.247096999999999983e-02
9.026412000000001018e-04
2.409554999999999683e-02
-6.325332000000000350e-03
-3.227939999999999456e-04
2.454409919999999638e-03
-2.817521509999999611e-03
-4.446730800000000573e-03
1.344649500000000232e-03
-9.119960999999999346e-03
1.763183700000000003e-03
8.426423000000000593e-03
-5.077534999999999341e-03
2.300264999999999949e-02
2.427433000000000021e-02
-9.098191000000000264e-03
2.907800199999999950e-03
9.292445999999999345e-03
-3.939598999999999358e-03
-1.813295000000000184e-02
2.021164800000000046e-03
-1.494601099999999950e-03
7.807009299999998972e-03
-6.394357999999999986e-02
9.637078999999998050e-03
-3.033993999999999927e-02
4.916387000000000534e-02
-6.527547999999999337e-03
-4.869102000000000152e-03
-1.211949600000000044e-02
-5.083491400000000014e-03
4.874206999999999845e-02
6.295273999999999792e-04
7.314323000000000352e-02
5.141082000000000291e-02
-3.203162999999999757e-03
6.867230000000000209e-03
-4.758416999999999161e-03
-2.450500999999999721e-02
1.583379799999999962e-02
1.837197999999999956e-03
4.609191500000000066e-03
-1.881673999999999847e-02
1.195330000000000004e-02
1.577746999999999830e-02
-8.840274000000000396e-03
-5.317349000000000511e-04
7.397568999999999673e-03
-1.303785080000000127e-03
9.653178000000000106e-03
-3.621151730000000089e-03
1.755989000000000161e-02
-7.369699999999930473e-06
-1.165696199999999814e-02
-1.298241300000000167e-02
-1.329398000000000038e-02
-2.219201369999999895e-03
8.468712999999999241e-03
5.094528999999999551e-03
-7.784312000000001563e-03
1.926038999999999833e-03
5.993059999999999707e-03
8.633578999999998865e-03
-1.518506000000000022e-02
1.910575999999999941e-02
5.461848000000001091e-02
-3.152389999999995749e-05
-2.817346999999999907e-02
1.532203000000000037e-02
-3.592056000000000589e-03
1.059394799999999887e-02
-4.069912800000000455e-03
-7.026122999999999570e-03
-1.037727599999999917e-01
3.094977000000000166e-04
6.218116000000000095e-03
2.525211999999999943e-02
-4.123617000000000428e-03
-8.073005999999998891e-03
-9.379424000000000095e-02
1.299860400000000041e-02
-2.203922000000000140e-04
7.178063999999999625e-03
-3.945795000000000205e-03
6.748972000000000651e-03
4.075973129999999577e-03
-1.725579000000000002e-02
1.320284620000000252e-03
3.092363800000000155e-03
-2.069346000000000033e-02
-6.463193000000000757e-03
-6.507981999999999830e-03
-4.596623299999999870e-03
8.215203999999998521e-03
7.284849999999999833e-03
1.462500999999999905e-02
5.605861000000000177e-03
-1.058711099999999974e-02
8.279420999999998615e-03
2.364735120000000142e-03
2.780976300000000644e-03
-1.106981399999999900e-02
1.539043999999999655e-02
1.064656100000000057e-02
-2.454844999999999944e-02
-4.807114999999999305e-02
-1.853838000000000014e-02
8.261452499999998728e-03
-1.762393999999999766e-02
7.912843699999999938e-03
-5.623379999999999872e-03
-2.618888999999999939e-02
1.489667999999999895e-02
-6.498852900000000148e-03
-9.228000000000000091e-02
2.881579000000000085e-02
1.762292900000000245e-03
-4.249858999999999928e-03
-1.361089299999999891e-02
-1.317370700000000151e-02
-2.399694999999999866e-03
-2.092248038999999955e-03
8.382553000000000920e-04
2.038021699999999908e-03
1.420442199999999953e-02
3.081407000000000590e-02
-1.182968499999999951e-02
-2.347704600000000141e-03
8.408356999999999984e-03
4.440382000000000356e-02
-4.673300239999999064e-03
-3.907963999999999188e-02
-3.293012000000000022e-02
-1.071191800000000083e-02
3.232121699999999931e-03
-7.072867000000000910e-03
-1.621843099999999843e-02
-2.128831999999999947e-02
9.369943000000002103e-03
-3.971627000000000143e-03
-1.025392000000000144e-02
-4.829623999999999376e-03
6.974972999999999763e-03
-8.189991000000001933e-04
-3.805421499999998673e-03
-5.218679999999999847e-03
-6.655600000000000231e-03
-1.737650600000000076e-03
4.998878999999999476e-03
-1.030490499999999962e-02
-5.894215999999998998e-03
8.628938999999998666e-03
2.030382399999999983e-03
-3.265609199999999681e-03
-3.468670399999999789e-03
4.773329299999999435e-03
-9.354851000000000832e-03
-3.166166999999999680e-03
-7.288849999999999496e-03
1.890444999999999973e-02
2.370595799999999920e-03
2.083360200000000315e-03
1.440019999999999842e-02
2.604096999999999662e-03
-1.679937999999999917e-02
-1.423236999999999940e-02
4.809834999999999805e-02
-2.959200000000000263e-04
-1.208091999999999847e-02
-7.547685000000001025e-03
-8.012304000000001342e-03
-8.792540999999999204e-03
-2.736101000000000158e-02
-7.736290999999999307e-03
-2.707871399999999852e-03
6.122090999999999861e-04
4.163931000000000056e-03
-5.879810999999999328e-04
-3.975448200000000418e-03
-2.671218500000000114e-03
-2.270983899999999729e-03
2.454773999999999845e-03
5.624764999999998585e-03
5.361870000000000525e-02
-2.763299999999999784e-02
-2.600711500000000079e-04
-2.587216999999999989e-02
-4.773640000000000001e-03
2.822182000000000163e-02
2.632311000000000026e-02
2.823187999999999913e-03
-5.272630000000000372e-02
-1.272252900000000152e-02
-6.179978000000000034e-03
6.522058299999999517e-03
9.946419000000001481e-03
-1.058371500000000222e-02
8.923762000000001748e-03
-7.103157000000001435e-03
-1.977369000000000002e-02
-1.216952800000000150e-03
8.977136999999999617e-03
2.386201249999999989e-03
-1.643479000000000120e-02
-2.002394999999999869e-01
7.497712500000000731e-03
-6.232366000000001335e-03
1.037806299999999944e-03
9.450209000000001081e-03
-2.946215900000000165e-03
-1.340438299999999715e-02
-2.733369999999999897e-02
-1.809329299999999988e-02
3.844270699999999957e-02
-1.984730200000000156e-03
-2.083405599999999750e-03
-6.424675000000000351e-03
3.676413699999999708e-03
-1.258881799999999945e-03
1.176659499999999775e-02
2.805560999999999819e-02
-1.606793000000000110e-02
-1.013590799999999903e-02
-4.393451999999999948e-03
-4.875403999999999849e-03
7.701645000000000019e-03
-6.486032999999999556e-03
-2.661295200000000222e-03
3.791815000000000463e-03
-1.068948100000000068e-02
1.823588000000000292e-02
5.349099099999999989e-03
5.361216000000000679e-04
5.554097799999999432e-03
5.141454000000000163e-03
6.107914099999998611e-03
1.215525999999999933e-02
-2.484436999999999757e-02
1.972054799999999747e-02
2.938277700000000662e-03
9.207920000000001381e-04
2.051549999999999901e-02
-3.910292400000000244e-03
9.432500999999999386e-03
8.407536000000000176e-03
-1.575371999999999884e-02
3.149102999999999625e-02
-4.920185000000000530e-02
7.982144000000001779e-03
-1.590093999999999536e-02
1.760207000000000091e-02
-1.103096000000000111e-02
-9.993164000000002295e-03
-1.518549000000000114e-02
4.230212999999999161e-03
-1.603039999999999674e-02
-7.383750000000001423e-03
8.995279000000000122e-03
1.436467600000000157e-02
-1.434428999999999869e-03
-5.313583999999998801e-03
-2.983902200000000150e-03
-8.015647000000000744e-03
-2.397508999999999925e-03
9.545942812999998889e-03
4.368649999999999964e-03
2.766294000000000392e-02
6.474728000000000774e-03
5.608239999999999580e-03
1.065926399999999989e-02
-2.084637979999999849e-03
-1.428942899999999759e-02
1.188487799999999976e-02
-1.083580699999999938e-02
7.031108999999998929e-03
8.755931999999999257e-03
1.761265000000000053e-02
2.182929999999999940e-02
3.297719100000000205e-03
1.312495999999999975e-02
-2.265791999999999980e-03
3.823483800000000189e-03
4.509123999999999771e-03
-1.811747000000000357e-02
4.853968000000000171e-03
-9.084748999999999602e-03
-6.680651000000000124e-03
-1.829189999999999983e-02
-1.001637900000000060e-02
-1.548661000000000135e-02
-9.162300999999999432e-03
-5.158577999999999081e-02
1.454906000000000255e-02
7.276697999999999630e-04
-1.868991000000000055e-02
2.120879999999993829e-05
-4.521730000000000497e-04
-1.325597199999999955e-02
8.210290000000000296e-03
-3.195202900000000592e-03
-1.126594700000000185e-02
1.906752550000000244e-03
1.402637999999999834e-04
-4.983971999999999925e-04
4.082297359999999568e-04
1.120512700000000049e-02
-4.125115999999999852e-03
5.724858739999999849e-03
4.938574000000001346e-04
3.309040999999999545e-03
-3.457600300000000012e-03
-1.887679999999996469e-05
2.887205099999999927e-03
-1.708351710000000079e-03
7.618726999999998750e-03
-6.768484000000000826e-03
-1.044209899999999983e-02
4.714120999999999936e-03
7.336084999999999134e-03
3.160382599999999979e-03
1.444312000000000026e-02
1.553462999999999893e-02
8.663274000000000322e-03
3.202057200000000409e-03
-7.331527000000000009e-03
-1.056571100000000020e-02
4.090207999999999691e-03
7.316968000000000083e-03
-2.254930300000000144e-03
-2.689370329999999937e-03
1.062049899999999852e-02
8.454758999999999192e-03
1.668756999999999717e-04
4.310066999999999891e-03
-1.411880000000000079e-02
-4.605034600000000242e-03
9.057209999999999567e-03
6.416479000000000106e-03
7.895627000000000548e-03
-6.083947000000000140e-03
2.613704999999999262e-04
-1.766139199999999755e-03
5.460564000000001084e-03
-2.081028999999999865e-03
-4.128375310000000596e-03
-1.022411700000000132e-02
-6.028441000000000702e-03
1.439227999999999862e-02
-2.415772000000000058e-02
-2.694493000000000062e-03
-1.991799999999999821e-02
-3.191001999999999728e-02
3.748897999999999814e-02
-1.209245899999999985e-02
-1.077915800000000309e-03
8.029084000000000568e-03
-2.545648000000000355e-02
3.325312300000000075e-03
-1.211639699999999924e-02
2.129686999999999900e-02
7.987576999999999178e-03
-3.957188000000000372e-02
3.073446000000000164e-02
-2.476263000000000249e-03
-9.631751999999999935e-04
9.200932000000000208e-03
-1.226116399999999974e-02
2.001319999999999835e-02
-3.088417000000000592e-02
-1.362252999999999901e-02
-5.470027000000000916e-02
-1.047201299999999877e-02
3.694546999999999415e-02
4.672936000000000450e-02
5.226907000000000775e-02
7.813633999999999857e-02
-5.203947999999999907e-03
3.442814999999999764e-02
6.537349000000000632e-02
6.338797999999998267e-02
-4.763042999999999444e-02
2.766641399999999942e-03
2.700208000000000122e-02
6.049459000000000954e-03
3.163934000000000191e-02
7.567346999999999269e-02
-2.694492999999999888e-02
2.344357000000000038e-02
4.529364000000000307e-02
-1.211266900000000125e-02
8.316989999999999106e-02
1.735462999999999936e-02
-7.244706000000000930e-03
-1.701736999999999694e-02
7.928210000000002200e-02
2.464182600000000838e-04
-9.424072000000001392e-02
7.089565999999999923e-02
-2.280399999999999788e-02
-2.259536000000000183e-02
2.428660999999999667e-02
9.634535999999999101e-02
2.948165800000000260e-03
-3.217043999999999460e-02
-3.010016400000000043e-04
2.973183999999999896e-02
3.956845700000000306e-03
7.836155000000001591e-02
-1.782989000000000102e-02
2.680077000000000154e-02
3.533139300000000347e-03
1.218737500000000203e-02
1.414017000000000225e-02
1.378986999999999921e-02
-2.415803000000000221e-03
-5.553792200000000172e-03
6.924353000000001146e-02
-2.468880100000000154e-03
1.707816200000000090e-02
-6.316250000000001030e-02
-2.536442000000000557e-02
-1.613213399999999936e-02
-8.622577000000001060e-03
3.107827000000000159e-02
6.466155999999999293e-02
1.497317999999999913e-02
2.238891999999999965e-02
3.005725500000000060e-03
1.662314000000000153e-02
5.340460000000000346e-02
2.396283000000000440e-02
-4.968600999999998880e-02
2.468760600000000170e-03
-1.022873399999999974e-02
2.430689999999999934e-02
3.364181000000000116e-02
7.102233999999998937e-03
2.461054999999999320e-03
2.799343100000000178e-03
-1.779421000000000128e-02
1.184335900000000122e-02
-2.316267000000000187e-01
3.160316000000000514e-02
-1.814690999999999874e-02
1.562928000000000234e-02
5.486433000000000282e-02
1.907841999999999871e-02
5.417319000000000301e-02
-1.520435999999999663e-02
-2.187491000000000088e-02
-7.385700999999999725e-03
-4.233271000000000256e-02
4.134933999999999832e-02
-4.294510999999999988e-03
2.034255999999999565e-01
7.191526000000001036e-03
