2.221098310818121480e-01
3.963970132884684916e-01
2.143903753468617279e-01
2.695542380153561068e-01
2.091654791614254438e-01
2.963301539296901987e-01
3.112415569327078302e-01
2.678246584537997133e-01
2.552527270533472281e-01
2.957003336356403556e-01
2.704571004788693389e-01
2.720476225513190904e-01
2.498790504715525940e-01
2.422016227627857843e-01
2.999207798874323205e-01
1.652149006210470727e-01
3.286489059852799044e-01
3.078757944904345067e-01
3.282387273081884271e-01
2.376715178303256404e-01
2.617190990269647743e-01
2.339444227023255440e-01
2.645549786596758657e-01
2.603669218649019013e-01
2.456485646069750950e-01
2.537888644644566982e-01
1.481832676762575018e-01
2.327346290885660418e-01
3.182920316915939241e-01
2.132418591319880097e-01
3.343360340699931821e-01
2.298649716289824507e-01
2.781457359262587969e-01
3.023526633358029625e-01
3.647399021715668765e-01
3.449293604470298202e-01
2.296245449850543574e-01
2.232060002826597167e-01
3.028158697925687481e-01
2.764002092514387110e-01
4.100295522836257534e-01
4.023281679567645708e-01
4.386255469783686411e-01
4.077886994656199082e-01
4.307505755324252950e-01
4.220775777934165918e-01
2.851953989766972120e-01
4.120202988685581214e-01
2.225426495130679028e-01
2.573094315793720832e-01
3.483127717682558133e-01
3.264455059120414115e-01
2.798546781410572448e-01
2.645849098093455698e-01
2.282032692853545874e-01
2.897223906038173813e-01
2.586057824862820209e-01
2.698579066189344955e-01
3.299179044872416200e-01
3.387358209112740215e-01
3.014611244780075472e-01
3.057401719306572230e-01
2.242700410092265118e-01
2.809758252092773301e-01
3.142180123420350024e-01
1.997138914512351093e-01
2.484511651891436190e-01
3.154930157195469653e-01
3.240876594682056133e-01
2.764677055253945692e-01
3.742228824094741002e-01
4.325180391775509947e-01
3.419333183381248475e-01
2.385970683261453562e-01
4.122504992656784162e-01
4.125103996922346306e-01
4.285311179795574521e-01
4.394437334496649195e-01
3.978151966296571973e-01
4.057631493498484176e-01
3.327946795777170230e-01
4.060993858432968007e-01
3.679586031218377573e-01
3.987184571014734114e-01
4.172694490771438058e-01
4.264594797665041126e-01
3.594810291864328766e-01
4.430948963932411777e-01
3.447195325208197714e-01
3.940797086759382228e-01
3.742858320287975604e-01
3.402000546638911938e-01
3.789384727316201240e-01
3.530257777621340076e-01
4.034044013227314207e-01
3.362521059262819079e-01
4.197720727856775191e-01
3.532474471492123014e-01
4.412343949842767454e-01
4.125807909108063498e-01
4.237937033514241891e-01
3.839499620631797727e-01
3.858423935616965839e-01
3.359121985315032255e-01
3.524559334661572785e-01
3.942113971216972268e-01
3.079169645324869586e-01
3.975849686625659296e-01
3.764466314683273529e-01
4.086530665868632894e-01
4.323646380620153606e-01
4.126087127534483479e-01
4.180889496302973574e-01
2.551834442254392044e-01
2.645445665923129019e-01
3.826650932647850945e-01
3.452652880387678258e-01
4.084472764619367369e-01
4.149523058408942644e-01
2.887185070183315161e-01
2.420414578600262323e-01
2.235577006404937672e-01
2.410104189963344079e-01
3.796637548702052611e-01
4.185664043864250616e-01
3.305677351803719133e-01
7.198056335325768440e-02
3.239401580003942183e-01
1.269837978262974287e-01
1.050132083127132548e-01
3.777541702905661825e-01
1.393618899817757883e-01
1.235726667391531253e-01
1.002497906905641806e-01
2.936644879969544375e-01
1.433391873628120650e-01
1.133487817416501675e-01
3.554238873153113820e-01
1.027047367137948752e-01
3.747808606847239377e-01
1.219159260452541277e-01
3.708054741550789180e-01
9.505139524315153743e-02
3.303797092703946725e-01
1.088925430267284611e-01
3.303295912837587167e-01
1.292938288539542402e-01
1.372704620127412067e-01
8.490741493271870832e-02
2.855091607126007403e-01
1.035554027227356677e-01
1.341244137753914434e-01
1.149175402423322362e-01
7.247086305319391797e-02
1.358526979652081301e-01
1.706738970026969449e-01
1.483085869200530815e-01
1.764353145376331422e-01
1.421517263581071056e-01
1.193471826321564899e-01
3.431902196476865896e-01
1.195262932073653250e-01
3.678906005760819720e-01
1.130921855881931865e-01
3.305841069875744553e-01
1.338794060238629180e-01
1.020760094190306250e-01
3.473891325882943470e-01
1.154229209324913463e-01
3.016041568125651939e-01
1.912819711852319082e-01
1.490844744581662218e-01
2.316679165455007572e-01
4.008643380146755808e-01
3.963190009523449575e-01
2.103716847804198153e-01
1.585177990440266582e-01
2.825490237153939210e-01
1.930656145808291591e-01
2.140879058335039276e-01
1.821378268503571762e-01
1.777872980513541534e-01
1.987069354795698850e-01
1.759949710405218082e-01
1.877829937312141262e-01
2.003684873349592666e-01
1.472682909436339727e-01
1.456953586861884364e-01
1.337051372335925636e-01
1.551811777638050227e-01
1.356889486747832885e-01
1.832077768056482314e-01
2.851592080215537561e-01
3.191564104246331079e-01
2.467765930703117450e-01
1.666073064971945739e-01
1.743308395681120171e-01
3.524383136128840799e-01
1.465955527565895034e-01
1.477274048694131869e-01
1.544658092505276081e-01
2.163788161365546581e-01
1.763931804049453655e-01
1.382962819639524110e-01
2.152302305597517396e-01
1.826285245314330230e-01
2.736918807494178596e-01
2.617260682065405408e-01
1.897242927053175987e-01
1.915758072277327917e-01
1.877053136076355377e-01
2.104478447024243359e-01
2.400224278406760670e-01
2.762347207529214921e-01
2.384189850094007024e-01
1.978840497764202400e-01
2.635387934349298078e-01
2.501525278851719492e-01
2.549338846358543131e-01
2.384595849901569309e-01
1.701015811436339953e-01
1.611380543849966762e-01
1.984738103193376124e-01
2.018586146969789386e-01
2.435674806879166432e-01
2.085806948411580153e-01
2.265359987461307845e-01
2.137046477537238587e-01
1.808537841846864780e-01
1.406817607316914465e-01
1.509579010631748042e-01
2.159616985236095243e-01
3.247491023796615361e-01
3.349305900954125392e-01
2.487301937217870629e-01
2.054757876976578412e-01
1.880606058316746654e-01
2.638030539411663766e-01
2.253389521983568400e-01
1.588408373194258039e-01
2.190324396267628315e-01
2.439881881355792648e-01
2.256239217510225825e-01
3.270507882955692724e-01
2.176594689456081977e-01
1.710535374315754198e-01
2.243347048931710053e-01
1.970397337673844562e-01
1.400624479376836873e-01
1.482808289197464491e-01
2.025364359918187807e-01
3.360450897863536124e-01
2.023086485400760748e-01
2.151687332530201890e-01
1.889238123346345943e-01
1.452045006989519660e-01
1.570175592356448102e-01
2.007047899902589805e-01
2.169919908552332133e-01
1.283198512727797558e-01
2.686543727806838255e-01
1.480052642811938157e-01
4.014716709282443174e-01
1.484757703556567332e-01
9.231910912315982598e-02
1.736657109622668782e-01
1.604411172027817023e-01
1.950676033288941125e-01
1.599438847451826184e-01
2.166784763986492612e-01
1.631196904854645691e-01
1.327964026773769124e-01
1.209002238564745452e-01
1.532627281368157679e-01
3.493684753046131242e-01
1.309979936224469621e-01
1.652026364373020140e-01
1.535859751646072857e-01
1.802518641574943348e-01
1.462973546942381853e-01
1.161849491210251578e-01
1.511738275792283981e-01
1.489775513457313461e-01
1.174964633492107530e-01
1.694852694746579180e-01
2.023793790411084481e-01
3.246829979795226584e-01
1.912690924961271965e-01
1.729225803978022835e-01
2.372264834130149713e-01
2.213346804425768699e-01
2.973236102252229118e-01
2.238452223212619163e-01
1.596262163643640541e-01
2.209064046188384256e-01
2.953739557163861940e-01
2.731654748960169465e-01
4.187450446968695728e-01
3.102200887683108088e-01
4.053411520860097372e-01
2.992725394260888350e-01
2.916369232335683792e-01
2.564653148088710255e-01
2.563860943476592436e-01
2.537228724404009816e-01
2.438666587349840875e-01
2.338014993117029927e-01
2.554688756176918263e-01
2.437916580143705270e-01
2.835136803984398823e-01
1.555715665057261499e-01
1.718100523781682931e-01
1.831194555654451495e-01
2.080412874316081850e-01
2.071377506586104533e-01
2.564774868616120362e-01
1.420500689038518283e-01
1.454514589380685730e-01
3.142500313385554467e-01
2.395542588140310292e-01
1.708535507295601552e-01
2.398429460533318680e-01
1.907040250471075948e-01
1.903650033481281145e-01
1.508349362757013534e-01
2.347389214327389451e-01
2.083472877333467366e-01
3.522293428289545725e-01
1.960330743931333886e-01
1.910845055376051982e-01
2.112757621605022562e-01
2.137378969251423899e-01
1.597744731239658100e-01
3.503464726715829203e-01
1.907807248469529648e-01
1.941524405552594312e-01
1.633206327874936470e-01
3.665976240061902813e-01
3.781050640976076904e-01
3.220222986705189583e-01
2.410047642783755273e-01
2.411468659957311245e-01
3.245843914715674239e-01
2.111369343424867873e-01
3.491351933816948527e-01
3.079623338842090163e-01
3.529372127694684336e-01
2.798251528957398926e-01
2.691667208681986501e-01
2.506903328428694011e-01
2.499883833036066760e-01
2.690402907549467315e-01
2.345459565992560613e-01
2.323502848945907251e-01
1.640320198882241620e-01
3.311059161925083427e-01
3.592944525875836348e-01
2.047032326425589910e-01
1.722707850154213682e-01
2.637825849711623039e-01
1.606407387687717458e-01
2.238544239582233031e-01
2.789854108042348346e-01
2.352526536252348976e-01
1.318483713186493211e-01
2.947290381650127244e-01
1.390686183086029259e-01
2.214454331370028783e-01
3.501647027280219149e-01
2.359745105923617414e-01
2.301041547781021712e-01
2.155703005683641538e-01
2.056887015321294809e-01
2.013884057969107799e-01
1.293239314692324060e-01
1.066420713722941727e-01
2.506327826911238787e-01
2.038097087745664171e-01
1.936342718698753629e-01
1.455719747180183599e-01
2.241246804298608064e-01
1.881832743647196549e-01
2.151962866623365889e-01
2.288728166159394450e-01
1.840993769481704678e-01
4.090134794921529982e-01
2.114892585253670687e-01
3.014751772434121624e-01
3.390445836043606276e-01
2.028891883429864706e-01
2.066014756330167290e-01
2.259107934613261703e-01
3.307551936273561699e-01
1.522241856765752799e-01
1.616631896102084243e-01
1.616508334282535653e-01
2.205673412514953802e-01
1.814646191929649433e-01
1.718426035833605925e-01
2.136535209842314598e-01
1.733299197372948353e-01
2.502623420054777559e-01
4.444800535208950354e-01
2.452936689597496334e-01
8.891872351066333613e-02
3.375819816497186987e-01
6.803804738148795661e-02
2.215477991052872409e-01
1.693382931574275441e-01
2.607492694546836298e-01
1.174998542137246638e-01
1.821867049259975890e-01
1.218167437545549098e-01
2.136094188665066951e-01
1.694587409276359646e-01
3.714131385251548401e-01
1.435787367988659025e-01
1.790394799058364073e-01
2.173435427280559773e-01
1.721012652092161199e-01
2.282976489560104294e-01
1.981975328885816068e-01
1.965925801613931101e-01
2.009594600872832149e-01
2.330281377551897681e-01
2.235241918477482714e-01
1.602756164228665847e-01
2.181116782267196186e-01
1.752663891912143168e-01
2.449467866088895773e-01
2.303762441362012248e-01
1.683495917081296034e-01
1.284053201831912017e-01
1.653936204825775524e-01
6.807544872264326141e-02
3.057517919757917757e-01
1.738427862909114052e-01
1.425357756546457022e-01
2.729596507463802335e-01
9.042031192960148234e-02
1.771836507760332913e-01
2.104114532792825398e-01
2.026192964745735514e-01
1.078686416996492425e-01
3.209269758606251854e-01
1.201448135452851534e-01
1.676112771164172954e-01
2.151479458185566740e-01
6.080348735004711958e-02
9.023871370325728392e-02
2.173288953935822998e-01
1.665359182365165058e-01
2.223213990940469120e-01
1.779234042797261661e-01
2.097681945156408545e-01
1.880852371243632304e-01
2.202773522634742520e-01
1.662837957423494162e-01
2.069517114204257047e-01
1.862543417809147395e-01
2.221509335209768399e-01
1.813955338752298030e-01
2.292051808050240003e-01
1.797395713617983282e-01
2.285046961849510616e-01
1.697226304508995809e-01
2.234882427940708960e-01
1.132880350444719214e-01
3.894544795630927592e-01
8.777009055334378251e-02
1.496396836398276309e-01
2.344128551656545489e-01
2.260296735979739347e-01
9.341342066552084378e-02
1.182027554159421762e-01
2.465293528450237526e-01
2.361925647964492059e-01
2.202204151251353215e-01
1.746979996824050974e-01
1.464559841862348444e-01
3.676708665605638582e-01
1.105040567481359454e-01
1.417404887322036289e-01
1.173177944590501898e-01
1.487687524776578618e-01
2.912229251197482327e-01
1.870350793423202207e-01
1.368787450387043136e-01
1.796340400155060635e-01
1.242023013408889154e-01
9.469361920665425592e-02
1.413793297070242982e-01
1.310093317991433970e-01
9.841692796517736985e-02
1.542542107450781685e-01
1.567954573729171963e-01
1.475333719279504074e-01
1.505326202997645524e-01
1.239204697838205554e-01
2.654386906985388705e-01
6.215146171955806403e-02
4.969278634179056381e-02
1.099432694146124240e-01
4.107194058107704326e-01
3.349792355810561895e-01
2.571013258785990185e-01
3.372377127863220303e-01
2.453291246139296944e-01
2.252744369361206200e-01
1.532813825066103586e-01
1.333219459678696706e-01
1.563855496027798664e-01
2.278585500539999364e-01
2.215584079317628186e-01
2.025510415161039246e-01
1.762963236297845071e-01
1.355445136578825316e-01
1.584046901452612899e-01
3.572454402866698797e-01
2.417152777108048933e-01
2.510322786962968511e-01
1.866270247365640900e-01
2.178279393394510766e-01
2.011575314774918244e-01
2.209308183979154239e-01
1.626635946922151132e-01
3.202856233230939598e-01
1.222496817112718737e-01
1.393830650120577441e-01
2.249236607363524765e-01
3.301078100130868664e-01
2.545045264612421643e-01
1.069734137401955193e-01
3.083560445732599908e-01
8.580244532820642533e-02
1.539924545042920812e-01
2.892942576338988214e-01
2.304719977517751262e-01
1.815022492474166194e-01
1.584092653037973142e-01
1.243852982252049849e-01
1.442019902736836612e-01
3.038724050986819081e-01
1.145876961232019375e-01
1.662607009148535653e-01
5.422571729512089267e-02
6.974400832942755091e-02
2.126949467266547322e-01
2.515043762519294512e-01
1.196835061925602128e-01
4.049610692844486382e-01
4.546412212361732874e-01
1.596736175895743237e-01
3.202521261192577962e-01
1.758490017154802354e-01
1.789157060483141382e-01
1.214188087893460777e-01
2.329944519787273405e-01
2.025176482957188051e-01
1.250974145280866479e-01
3.334028775103144437e-01
2.421672147301442979e-01
2.422215856423942937e-01
2.404904357951733185e-01
2.445205154685254623e-01
1.907916743592486253e-01
2.002059625417297040e-01
1.384780117998230531e-01
2.295385789680314814e-01
1.713340437379743397e-01
1.217134783377809837e-01
1.386174846356435786e-01
1.067457386332299335e-01
3.118093252788792791e-01
1.624501405469129800e-01
2.857309239204780527e-01
1.543979015326621684e-01
1.855862022076518181e-01
1.409080519786714003e-01
1.741025487250666137e-01
3.349305450950312846e-01
4.497263440113342947e-02
2.998428448081723041e-01
3.440758463776279474e-01
2.462540296680032492e-01
3.334287698918894649e-01
1.541787654948758024e-01
4.400288220469074640e-01
3.877547893089962061e-01
2.614423273559194350e-01
1.346887006737330916e-01
3.347358729843466496e-01
2.795791501983663774e-01
3.493618653014907705e-01
1.517991136185466161e-01
2.417940895454688266e-01
1.086649718121370650e-01
2.937596728862957307e-01
7.125511423695118918e-02
7.024033752663368102e-02
1.839610379888234337e-01
2.580422742568110883e-01
4.098796901324063269e-01
3.145890790858001940e-01
1.942917083108537668e-01
3.324528618020142212e-01
3.308315725964039999e-01
3.340289933686986235e-01
3.201356038517771396e-01
3.906911251684362374e-01
2.642585745361579752e-01
2.722590128391379483e-01
2.756564007046222731e-01
2.620375649413552166e-01
2.561988921117655527e-01
2.771755016632261870e-01
2.289663434275988618e-01
2.688477441857791139e-01
3.640173624274711806e-01
2.176510884144096936e-01
2.294287476202454268e-01
1.747477701233022818e-01
2.938134547216195713e-01
3.048611731677717263e-01
1.569176417808947066e-01
1.285300585179956767e-01
2.188443416640965533e-01
1.704071958347494753e-01
2.002866530591918826e-01
2.260218698553692340e-01
2.312407956711837742e-01
2.645633435596033700e-01
3.533538539680088908e-01
8.682036909824709936e-02
2.589885745625635782e-01
2.740859210684477021e-01
2.790694933362803387e-01
2.524287959360188571e-01
2.307428759799070583e-01
8.188704024825418926e-02
2.857932477629908097e-01
2.063023729908704529e-01
2.368684882895195076e-01
1.685535364339191267e-01
3.118605741543364340e-01
1.656145013000024646e-01
1.687385658647078679e-01
1.726512807840761554e-01
1.708513064492170053e-01
1.648490934130405761e-01
1.093677311703015881e-01
9.640966773077858099e-02
1.888870572545810755e-01
7.169611095409074430e-02
3.357939157716983147e-01
1.390460878720169713e-01
1.202164804146564209e-01
9.175758309377635147e-02
1.029634445792558389e-01
2.667769545488196670e-01
2.960138521878868390e-01
2.297998736732136393e-01
2.244270199270312349e-01
2.190056733483300710e-01
2.130951847864751836e-01
2.550844080406614034e-01
2.403651964273327557e-01
3.290772999742291316e-01
1.969527379777922249e-01
3.027008504582642257e-01
2.126396812408706816e-01
1.294520660891262942e-01
8.497401496264754550e-02
1.610195911397239166e-01
1.935082381661508422e-01
2.788226938019042200e-01
2.016929801715638126e-01
1.861073547015028029e-01
9.703656985057443340e-02
1.407851669832015651e-01
6.199038588185397380e-02
4.293091632783041511e-01
4.168888517289909834e-01
4.124251271071857072e-01
4.439126709966925710e-01
2.998444155065015382e-01
3.173514682350270788e-01
2.787018508343643286e-01
1.679006228826314118e-01
1.589274417593768973e-01
3.234606215216649927e-01
3.204483808279285917e-01
3.190015271956808118e-01
3.316831065455039251e-01
3.207114046545911923e-01
1.550966033684192114e-01
1.410070259999658682e-01
1.262408034295763870e-01
1.430842693861970050e-01
1.202599220918094264e-01
2.868802843553266424e-01
3.025674035754746805e-01
1.897468517590543413e-01
1.051922027024461970e-01
1.788792307539578685e-01
6.384628625349768327e-02
1.098606834566280416e-01
2.608133377908246064e-01
2.313645206663230702e-01
1.646445836561303000e-01
1.729521473658297559e-01
2.194744931298268920e-01
2.011121577897061474e-01
1.258574880973666044e-01
9.650064228343714634e-02
3.391239423735343261e-01
2.424574734997282932e-01
9.702140260163846786e-02
2.994747544186844856e-01
2.700536832608952942e-01
3.696011406905411190e-01
1.531873037570889440e-01
3.704454478661033945e-01
3.847932743834026059e-01
1.804791646365404012e-01
1.546999788314665225e-01
3.972517052366511536e-01
1.543331688340963403e-01
3.330038673854799347e-01
3.224199452372543684e-01
3.285694472168899649e-01
3.319181185808824930e-01
3.398478579091946394e-01
8.735131560828220121e-02
3.866052711819824572e-01
1.240814535459042883e-01
2.430908542641593562e-01
4.088098860097355014e-01
1.516009663242018912e-01
2.477356933429809283e-01
4.080886156105321128e-01
1.123730888714801757e-01
3.224148364705822223e-01
4.152212323355069512e-01
1.793780974905712366e-01
3.277525174627510807e-01
4.031623952509648667e-01
1.836457975948424248e-01
1.901850720293819796e-01
1.783236245147075405e-01
1.768020567833337997e-01
2.003327867419893160e-01
3.756736164634002506e-01
3.455707713021799465e-01
3.357060679353462973e-01
3.692403842687269067e-01
3.833667811605099840e-01
1.436036119746607331e-01
1.450988504150837743e-01
1.301523660183856457e-01
3.698715330902512255e-01
3.809929389395422250e-01
1.373428000326535614e-01
3.523597897016784164e-01
3.961818817342750432e-01
3.631450256248547892e-01
3.703863672111787908e-01
3.654742831186398866e-01
3.689509826059399478e-01
3.723849527162833017e-01
3.604101114164013353e-01
3.512315307102453210e-01
3.825227518399805238e-01
3.625227322588835954e-01
2.174956875031145986e-01
3.624028471093507786e-01
3.697168099385433893e-01
3.622431525615749659e-01
3.599230605142774708e-01
3.726028750957545155e-01
3.706278322700229944e-01
3.764367564694666157e-01
3.371936511659244240e-01
3.914561573228855784e-01
3.701232368877804269e-01
3.827109799730640805e-01
3.340312019352192907e-01
3.660160344288417300e-01
3.780103803298705545e-01
3.520595808598844245e-01
3.810030000404889816e-01
3.845841459614978697e-01
3.822322194043858423e-01
3.555480831517494611e-01
3.260822973952974269e-01
3.371254983015442019e-01
3.745573835977768495e-01
3.805053081463583009e-01
3.627282596099518641e-01
3.776720103636537207e-01
3.743262032642080683e-01
3.896643451077627107e-01
3.830667570118647669e-01
3.588060169440375757e-01
3.691200182661825702e-01
3.852971833197195717e-01
3.823147203468174604e-01
3.458735851350338009e-01
3.493094374981993155e-01
3.412401833993309874e-01
3.612016513627959169e-01
3.796871499746118928e-01
3.794223502103756251e-01
3.823006746493535779e-01
2.073413885192830208e-01
1.073805687048363100e-01
1.893993716052413956e-01
1.402305581969176262e-01
1.916174120033912742e-01
1.953339655000770336e-01
1.617502321381820984e-01
1.460311316937398796e-01
1.514035738379660156e-01
1.451800191943411755e-01
1.665846424199747267e-01
1.521538149992534006e-01
8.979914157690639664e-02
1.188325708608069520e-01
9.085342426881527766e-02
1.612645389716573785e-01
1.435457866921751591e-01
1.316620626223219404e-01
1.254127639011977657e-01
1.256086359360456539e-01
1.531500675086674423e-01
1.245900923218474232e-01
1.301572539458294431e-01
6.940925729002681011e-02
1.570552705584608577e-01
1.144250966217159327e-01
1.825839397092927086e-01
2.332296015911844989e-01
1.286884269919537638e-01
1.211812586055824037e-01
1.321064048977497463e-01
1.151332780946560941e-01
1.368199270000239609e-01
1.439480401542717058e-01
1.336220275715241934e-01
8.654064782643301756e-02
1.210899334981498793e-01
9.437013319708846548e-02
9.788976130910256868e-02
1.022817595432115034e-01
1.415986999493781540e-01
1.333940234631226518e-01
1.159239849262737321e-01
7.941541393720866204e-02
1.418751950390343131e-01
1.660418746484864927e-01
1.470970243741830663e-01
7.613652617716855364e-02
1.415886875511835896e-01
9.094115854178201619e-02
7.171859897267343631e-02
1.627246343274270646e-01
1.142438339934026131e-01
1.404703406130164145e-01
1.067923554850920970e-01
1.292208658612745975e-01
1.385380262648448768e-01
1.176476869359433242e-01
9.294395678089692470e-02
1.100369234063795360e-01
1.038776501997469986e-01
9.839656350512192284e-02
1.468034272898109671e-01
1.068329903475907228e-01
1.355996881375120255e-01
1.119402542143028978e-01
1.216108079744987053e-01
1.235949723565844538e-01
1.319538425638018264e-01
9.686570892667518973e-02
1.180308052604057134e-01
7.994014566830476287e-02
8.273743101484908047e-02
1.313242985046985667e-01
1.056393892288875758e-01
1.280684617350512366e-01
1.014367223943919982e-01
1.210068915697398995e-01
1.193359801542945714e-01
1.120035116943854658e-01
1.005763548594039158e-01
1.052333658235933139e-01
1.125004313112392546e-01
9.384053423367159918e-02
9.777448652605703894e-02
1.660403346180845674e-01
1.085847820961732130e-01
1.283580093192710769e-01
1.216472191913134798e-01
1.192888590548401850e-01
1.203970024186854781e-01
1.243522669228716016e-01
1.064706443734083630e-01
1.168217319250793584e-01
1.028832472449902335e-01
7.940686492337427349e-02
1.497680333091133409e-01
1.105796433130340900e-01
1.270180818207204687e-01
9.201584633890749765e-02
1.233494554023188555e-01
1.365914243822649865e-01
1.295695221898638672e-01
9.722878964329238760e-02
9.871010277535800792e-02
1.812056577541920621e-02
2.733751127211549170e-02
1.849440049408126313e-02
2.081756423149372717e-02
2.216532291835085836e-02
2.544763049188661017e-02
2.392906090232434918e-02
2.088534638078800437e-02
2.030120240975770082e-02
2.290764092030237245e-02
2.282807061949669591e-02
2.141356107786645396e-02
2.115557417592527079e-02
2.322653575401648421e-02
1.890511585443667431e-02
1.587539950249242451e-02
2.234331461391942872e-02
2.196165902291953922e-02
2.322460817590413576e-02
2.145445113493123571e-02
2.169600727552298269e-02
2.176169730346603007e-02
2.333757348119836275e-02
2.313213451156344302e-02
2.087071995125867191e-02
1.976805219787023532e-02
1.680476313184691220e-02
2.260036865276755791e-02
2.295088775612702872e-02
2.236933657339710418e-02
2.747512512011710331e-02
2.068666146960254984e-02
2.474158447119740104e-02
2.474781947078651470e-02
2.611093155276239530e-02
2.527950637049385801e-02
2.124749689286937332e-02
2.155337306182443513e-02
2.186980585820497494e-02
2.084388776492728315e-02
2.841339902130513712e-02
2.822265998673205087e-02
3.003723512833013365e-02
2.825332639232399148e-02
2.943640986896949724e-02
2.947433475851231680e-02
2.431909989820423348e-02
2.785420657015966889e-02
1.810933377397243998e-02
1.922505073569035980e-02
2.989354144655012938e-02
2.528471818021649220e-02
2.363739989318285398e-02
2.260528302357520461e-02
2.189382818074768824e-02
2.438077613011775668e-02
2.426644802012888416e-02
2.568757078559677498e-02
3.141658282084105330e-02
3.019702114535888562e-02
2.488094799666393936e-02
2.969935999365966306e-02
2.285824589118050018e-02
2.404274333124493263e-02
2.654519056101775978e-02
2.012767563499906487e-02
1.899625747524984545e-02
2.531016961622561262e-02
2.519853131220465420e-02
2.527554636257895587e-02
2.843913194575483847e-02
3.111472363498342039e-02
2.707314214557244442e-02
1.629809280704949681e-02
2.922937314202922465e-02
2.736278477348486754e-02
3.063008309688490527e-02
3.174746298071095402e-02
2.941215938028253832e-02
3.080444215061244745e-02
2.435368678712765411e-02
3.206325579776662937e-02
2.818599933770973148e-02
2.961364662226067743e-02
2.835250033616881424e-02
3.220686273426387469e-02
2.696983794567098941e-02
3.076190894080189919e-02
2.470114535732015684e-02
3.003328085731972810e-02
2.743502204614662807e-02
2.293567946705442340e-02
2.810225488416300335e-02
2.537593619215757976e-02
2.998163630717075312e-02
2.384337435079434894e-02
3.112884803708863835e-02
2.476762147176086309e-02
3.207292109506391237e-02
2.708634445693106421e-02
2.936321459301649908e-02
2.925443539124849418e-02
2.896741634496509399e-02
2.282183246119906181e-02
2.909175793373880783e-02
2.669018152997039081e-02
2.419080917709071424e-02
2.978592794635363111e-02
2.940823959452343664e-02
3.045290738088759011e-02
3.005907357321941850e-02
2.882898267662451636e-02
3.161818200640952731e-02
2.326425116391631423e-02
1.902705335489827260e-02
2.839265768090175335e-02
2.443799181663388470e-02
3.134617479475437785e-02
3.026922182493991392e-02
2.049324064403411708e-02
1.963333890619071986e-02
1.593878372894296999e-02
2.256871701714921463e-02
2.672982081387625594e-02
2.795374176984902204e-02
1.277863874672226577e-02
9.787040777261700637e-04
1.219338820866255196e-02
7.851409909353299207e-04
3.034239292385415999e-03
1.692952605630741389e-02
7.014770016892750253e-03
2.950092743455565852e-03
6.961304555832977491e-03
1.142752227551928866e-02
6.684868607162892939e-04
3.504634764460239429e-03
1.074502585286599143e-02
2.031938519568924836e-03
8.054178555026306544e-03
4.562522804466688855e-03
1.295317764782503989e-02
1.357176317159951816e-03
1.278581940624279323e-02
2.530943012428157370e-03
1.000514386033133502e-02
7.108079239292449357e-03
5.793579546662078542e-03
3.183211373593421850e-03
1.333063773275423858e-02
3.747351927456655748e-04
6.321760154966703585e-03
2.257175294392168782e-03
4.483705228319741849e-04
7.783163602806794559e-04
1.170091766532922219e-02
1.116220554437161172e-02
1.031079668714347287e-02
8.643162151238588733e-03
6.448349500952216262e-03
8.716071937994949656e-03
6.066116855562393370e-03
1.199738705225274898e-02
5.111752049206422580e-03
1.010688863695926275e-02
5.996484328510937913e-03
4.000417771120038518e-03
1.137054418282979797e-02
4.832455842334216524e-03
1.348668492272155420e-02
3.497637957251289575e-03
3.457021899166666697e-03
1.538282353365883620e-02
1.016244619375260283e-02
8.425364281344419407e-03
1.033063254282026375e-02
6.198241696592970106e-03
1.128572829544565066e-02
1.358694942440272224e-03
1.257835204956480463e-02
3.244996148778453199e-04
4.451681492752248594e-03
2.343051666344016064e-03
7.133310819519165548e-03
1.209364161500758698e-02
7.272222017236439767e-03
1.404094457916826161e-02
1.378004501769129926e-02
3.545914372813658687e-03
5.915538116758682283e-03
1.028837700162678684e-02
7.702248509656419578e-03
9.981784243522803107e-03
1.274744546924037533e-02
8.334723001239330298e-03
1.006788499932186227e-02
5.081508215886108674e-03
3.418562884250748134e-03
8.727078369223221534e-04
3.279735273596730977e-03
2.588699105429384268e-03
1.501634699543159465e-03
1.787446002081716787e-03
1.355292373910939839e-02
1.074587700155286984e-02
3.070062522347538625e-03
9.678929270794743578e-03
7.186319972056079766e-03
5.363276209942343178e-03
5.169586665987000243e-03
4.448116526349690618e-03
8.375941117977497158e-03
9.434208720561644557e-03
1.858973958646311167e-02
5.945918866967256355e-03
8.824785635118209681e-03
1.436081123294922178e-02
7.177986307064165676e-03
7.300392131296153803e-03
4.790327176627084092e-03
6.861593464242251444e-03
5.123015052120861307e-03
1.019120124960082481e-02
1.259623978862812847e-02
4.051726668139253411e-03
9.454097936578826494e-03
9.799433936372706558e-03
4.431559480236285480e-03
1.249017739533089463e-02
1.324953904773602115e-02
1.323828196162014567e-02
1.099198889901552983e-02
2.071043146325599049e-02
7.638652677037312613e-03
1.496246804923029999e-02
1.377645234048110795e-03
8.204854128737632674e-03
1.370149044997580855e-02
7.089503344319722511e-03
4.234508464057436250e-03
1.331101529048307232e-02
9.672889318143331611e-03
8.208025427891755751e-03
1.487814671471380558e-02
1.377263825676769415e-02
2.537061347160043511e-03
4.790352114818471028e-03
1.652891532050137320e-03
1.129825910896604946e-02
1.194116067893683311e-02
8.282596769116634672e-03
2.275161828598612143e-02
1.248033839955776068e-02
1.241117754563093346e-02
9.561601714071912145e-03
1.166963411301527760e-02
1.417416829675021035e-02
1.071931641822394983e-02
1.282195152770249959e-02
5.059199832923298376e-03
6.500899695186155257e-03
4.146317576054524886e-04
1.415951129748221730e-02
5.211162047281353397e-03
7.155668575079981476e-04
6.900287848946146628e-03
2.566896199961922389e-03
5.384729010072183096e-03
1.200966800998127561e-03
1.455094337473615378e-02
4.383858510378314290e-03
1.111706874187747517e-02
1.289483997065019559e-02
7.662693576334857377e-04
1.684119293744512288e-02
3.830476132907208544e-04
8.875619779437642423e-03
3.954259378414264232e-03
9.852851204159402201e-03
3.521895999213122980e-03
5.013346802902855434e-03
3.092018393605686435e-03
1.409414697717207079e-02
7.436163934549915727e-03
2.073208200312791089e-03
5.138452451709830948e-03
1.653979084254642365e-02
1.130553201321340788e-02
1.500681504832986415e-02
1.179928522104560853e-02
5.216218668306320770e-03
1.321938571667792897e-02
1.309729859709636915e-02
1.506849490116781223e-02
1.296430807541766247e-02
5.894134996769696822e-03
4.647222137871602488e-03
1.773649719593844987e-02
1.410483872434795984e-02
1.458075835812483630e-02
1.693329083527619558e-02
1.188289918531938022e-02
1.566821126402837341e-02
1.452410102251011116e-02
1.508733542722390415e-02
1.599830043947102209e-02
1.325619225481200307e-02
1.379215642289418134e-02
1.393823479869419485e-02
1.326715578080002109e-02
2.984761012059099650e-03
1.005712039751852256e-02
9.525752778974464971e-03
8.536713041038207148e-03
1.348021692637259815e-02
1.454150643533274299e-02
1.300303697285182421e-02
1.482576124193759476e-02
1.362245267316033320e-02
1.320711719868093541e-02
1.214786169931437662e-02
1.569495628445075758e-02
6.918932505813981879e-03
3.001849902453315646e-03
1.373944209690046610e-02
4.519318560626009625e-03
7.323116866283942324e-03
1.639666516830607865e-02
1.372728313991605949e-02
2.911206936083188344e-03
8.261438288728764276e-03
1.524127343409421853e-02
1.237728259631392519e-02
1.237064213003510535e-02
1.535564109641429729e-03
5.025277203016818503e-03
7.694579488589246320e-03
1.122478375558746445e-02
1.516309864938796513e-02
6.273347657789241777e-03
1.333102588455180315e-02
1.353848380572249266e-02
2.184994696156297364e-02
9.596206483546499202e-03
1.202088947656534609e-02
1.775313573927946031e-02
1.145205784996912966e-02
7.265480211782986489e-03
1.951876866189285187e-02
3.522778734553780062e-03
9.492702588192089216e-03
1.546629538665997110e-02
1.186536469668168260e-02
1.433619112963432050e-02
1.446504674683719502e-02
1.709170738441355072e-02
9.583879653971724005e-03
9.218354081088751817e-03
5.813393882767033984e-03
8.171705771131522814e-03
5.018568123019714368e-03
4.508144749826198915e-03
7.314759440329556342e-03
1.416925131866865820e-02
3.182682345226864069e-03
1.292733235350829527e-02
5.084632265240425497e-03
7.183510257410615114e-03
1.447611649948395661e-02
1.290623506755235808e-02
1.389755114921396861e-02
2.529689646117729961e-03
1.237015496548739615e-02
9.914393857329478754e-03
8.724146375235190473e-03
3.613775597932132252e-03
1.226677656538688495e-02
1.344879315409987057e-02
3.661428901527157172e-03
7.974108155164300396e-03
9.156133721829917346e-03
9.687911782493749055e-03
1.114620945083106586e-02
1.262267660144063969e-02
1.323166058737093240e-02
1.131204649349645472e-02
9.362407236646342820e-03
1.306671641721813236e-02
1.746900363496887293e-02
1.229982134369555710e-02
1.044519673412668687e-02
1.229119293653147676e-02
6.157944332578013137e-03
8.181122790950616942e-04
2.003548851412477808e-03
2.005701793902202150e-03
8.062054879078130523e-03
5.568207240835574071e-03
4.555227098595088925e-03
1.087715496724185431e-02
1.230647957024373629e-02
6.268941410537384566e-03
1.938195668036020447e-02
1.095549336471125963e-02
5.491959137810253910e-04
4.227317460565990261e-03
5.033039028708483726e-05
7.766494417604500981e-03
1.287592515768586077e-02
1.103540585998722019e-02
1.246629829122214645e-03
5.022938151504125447e-03
2.921543487611563510e-03
1.173299503311356524e-02
1.480253397102437689e-03
1.514383384692135313e-02
5.198186566680913605e-03
1.026570811912091465e-02
9.752307977488938739e-03
5.054548490535553870e-03
1.303870739556988075e-03
1.092392989134463414e-02
1.391776825957152103e-02
1.312830457950387407e-02
1.861788379919783205e-03
9.631820129804565672e-03
3.632530471131790398e-03
1.042587427393018920e-02
9.475399576012571642e-03
4.327033274233674925e-03
8.490334444800032299e-03
1.404953967868961644e-02
9.901280365607893069e-03
1.207539136457215154e-02
9.237478530344100263e-05
4.875864985208668706e-03
5.681852364694840556e-03
8.415768454873880436e-03
4.829739205976095982e-03
8.260934650911998939e-04
3.839085214737832010e-03
8.417109232187400258e-03
1.139205126149919235e-02
1.023111807277104048e-03
1.265740950548875816e-02
3.533131595005981236e-03
4.969314901227104078e-03
7.429017680650422742e-03
2.341810888443512413e-05
2.278951395639362669e-04
1.412520935790953502e-02
1.326017979516634811e-02
7.465666292618968261e-03
1.456990631842314948e-02
9.806576649230425505e-03
1.548110207289889878e-02
7.159914472516949908e-03
1.403751007245349763e-02
2.582070145033510053e-03
1.450250559622457379e-02
8.890304998892269162e-03
1.537358581212417211e-02
6.119848188552664582e-03
1.479961493889949201e-02
4.288662900357061852e-03
1.490289195533006650e-02
6.425571527118005208e-03
2.881919807478441897e-03
9.339744506469302779e-03
1.569617110166725065e-03
6.627846247398246592e-03
3.306178875813067797e-03
7.403561053873558735e-03
2.955674145457964832e-03
4.928672189222079239e-03
7.216410223994520340e-03
6.994769009492453338e-03
1.050191553340061590e-02
6.938847401376384109e-03
7.337176400947504305e-03
1.342019859102271291e-02
9.521672240273511062e-04
1.223058350754519311e-02
2.527825813540546165e-03
1.211260179583391675e-02
9.079485291711038991e-03
9.015571808379117119e-03
1.246847434277747503e-02
9.540264545077900907e-03
3.324098589659890950e-03
5.023283095057887691e-03
1.129631478448088998e-02
2.048605407873321706e-03
8.316429590538321551e-03
6.300765412921578712e-03
8.060332981207632419e-03
4.150830874345197256e-03
1.736275690830195581e-03
2.424972979867437526e-04
9.124107090894647068e-03
5.158406243243609889e-05
1.469373582299833183e-05
7.177579392511270352e-04
2.238544307590261545e-02
5.027994070037457644e-03
1.504556262356873675e-02
1.238393172592015638e-02
9.905114325797045177e-03
8.284462780714865401e-03
7.098366883667294770e-03
4.917659400685166042e-03
6.562659053739102778e-03
1.053580121935896938e-02
1.027119932330557324e-02
8.229246304636337814e-03
9.411675438263348778e-03
4.979219219653411785e-03
3.413765549594384354e-03
1.482648024537951831e-02
1.126695716196029692e-02
1.699522790857478996e-02
1.107828072455213468e-02
1.051367157986130701e-02
8.294543505948558798e-03
7.962021285597878362e-03
6.780675366838551620e-03
1.133250323857805386e-02
1.171681158544571680e-02
1.349262162352869894e-02
1.679809485363699525e-03
8.314968361824107840e-03
1.146679328611220280e-02
8.111168822472572017e-04
9.361339976882149597e-03
3.288307442532981042e-04
6.335235265273420242e-03
8.203689612730708305e-03
1.335975567079637424e-02
7.666679835696393192e-03
1.375903613395356145e-03
6.571971765644669212e-04
2.232009675500102978e-03
9.996460635964619923e-03
2.410473951039058052e-03
4.909920466304685746e-03
1.462998638617711720e-05
4.582297562608771976e-05
6.266351353228016147e-03
1.261344954032485310e-02
3.138979060762250341e-03
1.845581036323497987e-02
2.743884097532270014e-02
5.266823190258501132e-03
8.837523340355561349e-03
4.661044974761826415e-03
2.342843216073742501e-03
2.159496286923151369e-03
1.320426695359678756e-02
1.471101510817406002e-03
1.285623724549336171e-03
1.283171486944025518e-02
1.342832032155806890e-02
1.778113850605875235e-02
1.380988555160945694e-02
1.293308996163313775e-02
1.307391973075618281e-02
1.543075495388728652e-02
5.984600709874368998e-03
8.796403487912600461e-03
1.119382173199299233e-03
1.074445023037893035e-02
1.217322246925563699e-02
3.413830392282581495e-03
8.658302346941090105e-03
6.860376083733509336e-03
6.402226818306657255e-03
3.365282814733743834e-03
1.219054138444631251e-02
1.684591188091621528e-03
4.171817071226970909e-03
9.255186909601233192e-03
1.956653248634123324e-05
1.666456319604912167e-02
1.378929806065880108e-02
1.068053214029150884e-02
1.428964836300376101e-02
1.048632326410322071e-02
2.358935384692987733e-02
1.450361715917683827e-02
1.271015508728893378e-02
1.193555177439979166e-02
9.264885221264692813e-03
4.545301239431176130e-03
1.215971777476456024e-02
3.336005493710520343e-03
5.120442331212104840e-03
2.759181975620734681e-04
1.436387687447348953e-02
1.020037669941929899e-04
6.820036667179183777e-05
2.150307712573162541e-03
1.373793808630104606e-02
1.548812918030982935e-02
8.535120367217286300e-03
6.904598645451958880e-03
8.721451196628973376e-03
7.956211600924058269e-03
1.067172685141443492e-02
7.347612757979127274e-03
1.123105334478391275e-02
9.669009701642618249e-03
1.050450787997191278e-02
1.617933172895815244e-02
1.285171824508115485e-02
1.435066399505654199e-02
8.616033849933240479e-03
4.888141820727525365e-03
1.446934302033825101e-02
1.685411815643180974e-02
1.135206317370231199e-02
1.146722255953426875e-02
7.008019783238635288e-03
7.250705933922682762e-03
8.245156252884723591e-03
4.044545149584665919e-03
5.257479772827081642e-03
1.223270354115336966e-02
1.546616959585855010e-03
6.572912586098217684e-04
6.970232219084646075e-03
8.989152220986789885e-03
1.394560959375194635e-02
1.986005317031000125e-02
7.356127883609786750e-04
1.194911526577148268e-02
1.170500654893418500e-02
1.702747107417515796e-02
1.721836071391191769e-02
8.162550764752082161e-03
7.227635780187558704e-04
4.443644121825810790e-03
7.093228775748066511e-03
1.036982878536060922e-02
8.095100121641335064e-03
1.431324724410030190e-02
1.219171799101566485e-02
1.227249098745754677e-02
1.232248652770593506e-02
1.352582753172190677e-02
6.693401152378923580e-03
3.866309938705025668e-03
3.506340927922809705e-04
1.430549998115988701e-02
1.833583714192785815e-04
2.452810895150084412e-03
3.637716713704099766e-03
7.848674582324871845e-04
4.565428682176294575e-04
2.880339912670939247e-03
1.959174744568796533e-03
5.507001806338963565e-03
1.111509524321674294e-03
1.148180265059606806e-03
1.182053770983670102e-03
1.594434584303479341e-03
3.204055155261681040e-03
1.422037816952134107e-03
1.298473900451835999e-02
4.488970617123293552e-03
9.863904451418452693e-03
1.360118417467932710e-02
5.260549497369288331e-04
8.253913207142989485e-04
5.758105223954645101e-03
9.342478293583207638e-03
5.227839739769507554e-03
1.166362936817822230e-02
7.583883955758839723e-03
1.200439040954169720e-03
8.564565152278895551e-04
3.920551327441512555e-05
1.984326489472515442e-02
2.067411999012814389e-02
1.868234418038228206e-02
2.045630878606737729e-02
1.634435628676621233e-02
1.361054514137507478e-02
1.361866063519575308e-02
1.533051950076594165e-02
1.487778823145622688e-02
1.207309711180611263e-02
1.059453097674136618e-02
6.844322208280687742e-03
1.053334832794170645e-02
1.181836856522400052e-02
2.261780748790795121e-03
7.138776740922982795e-04
1.171736974249406281e-02
1.915064675843277135e-03
1.781708110523870557e-03
1.456192721554816147e-02
1.626154205668069175e-02
1.348360965287483809e-02
3.182144519604885625e-03
1.047217192556245541e-02
1.367111737031607684e-04
4.754689885962832055e-03
3.730143676612440555e-03
1.224314856185402568e-02
1.343042367241334412e-02
1.534964933133671321e-02
1.014040714620545285e-02
4.318568536213937895e-03
4.707991054713751670e-03
2.804833114709871008e-03
8.543584430212953704e-03
7.555314290360940627e-03
9.458195040960467844e-04
1.056000218708864902e-02
1.451619192979466955e-02
1.554302392592800744e-02
1.197260583083281649e-02
1.494192229102978171e-02
1.607830449383452348e-02
1.185795655651510593e-02
6.430679270663961639e-03
1.280419062984371019e-02
1.293608764216592176e-02
1.278737369088711953e-02
1.391122248499345251e-02
1.524376058326754046e-02
1.168995076105798329e-02
1.313619178865653436e-02
3.249090898080541842e-04
9.563114425792882886e-03
1.109063463440657787e-02
5.865352557292886210e-03
1.441866342008775101e-02
1.329823930758431728e-02
8.282704467690615510e-03
1.085021085735706110e-02
1.016263641015652947e-02
8.355934738677080198e-03
1.025075597102931627e-02
1.085226468080741427e-02
1.086009806002811648e-02
1.636087318036288929e-02
1.398722130519237418e-02
8.909650341628449349e-03
1.209751341952514277e-02
5.865557754851290391e-03
1.445922455028106519e-02
1.501919750846488627e-02
1.586164540611458007e-02
1.437889747456268762e-02
1.404326767628539391e-02
2.091730102921952189e-02
1.320217227003498209e-02
1.174379070439890253e-02
1.191186212624573137e-02
1.470934727974393917e-02
1.298822772236419947e-02
1.335647765484467182e-02
1.199371385003344080e-02
1.696068239818756748e-02
1.302361099535807691e-02
1.094317081893840006e-02
1.548462999934687931e-02
1.180421614380404438e-02
1.283578518157300202e-02
1.457007796751168087e-02
1.294676447646411592e-02
1.365194631549114697e-02
1.219615533604234171e-02
6.526397483597680318e-04
1.279085862657322603e-02
1.259945642035237290e-02
1.171317991949578224e-02
1.343961388995471538e-02
1.098285814308492918e-02
1.146320794825293581e-02
1.034983623621915302e-02
1.318897854847408783e-02
1.267244934799353212e-02
1.604345577496727598e-02
9.767649228912957809e-03
1.547062960519382351e-02
1.747715860728191184e-02
1.127359424146257352e-02
1.124563273105641178e-02
1.201729271756912278e-02
8.570970490878642226e-03
1.280519521736513643e-02
8.410362985998216453e-03
1.042677691296258966e-02
2.831793478194752876e-03
1.580424607253990213e-02
1.386524604851718454e-02
1.626939989238083972e-02
1.182187731550596484e-02
9.978010623012317781e-03
1.306539537137157113e-02
1.230927591545716640e-02
1.250034926215850238e-02
1.335853675290588592e-02
1.339312871514077886e-02
8.287141241673939146e-03
1.344854150834516419e-02
1.043712640307963707e-02
9.508847601580943873e-03
1.478759749540699102e-02
1.200264490149302414e-02
1.479369479645060992e-02
1.310346262962145888e-02
2.020573980727789765e-02
9.241144961524928869e-03
3.576067892228862889e-03
1.723977784328344478e-03
7.406467913694586049e-03
2.199441105889706188e-03
1.606223956708835790e-03
9.704898820611171026e-03
2.218518736830620008e-03
1.328058707571003541e-02
1.447937566731568627e-03
9.770736791638709798e-03
9.373492936374903592e-03
1.195577070607108279e-02
3.706494377233953124e-03
2.451444578196224945e-03
9.009228732444345827e-03
1.517012178924413528e-02
8.057562062644116341e-03
6.060814644708830030e-03
2.325945664606223189e-03
3.442591769564325079e-03
1.166719564093941439e-02
1.503201831314193281e-03
4.074777572040914550e-03
1.030537425807580634e-02
1.312699585310154321e-02
2.823292411661852686e-02
1.210236480924973927e-02
1.244523354876036179e-02
3.854530751068294906e-03
3.720839598353827514e-03
1.430686651656216425e-02
1.516242748666837142e-02
1.247924898925509979e-02
7.790274927661469152e-03
1.158004838832093000e-02
6.675669635984346310e-04
3.124846303534631374e-04
2.390279570103169028e-03
1.368014526091170142e-02
1.498638720197622426e-02
1.132481695568577154e-02
5.846652730428054771e-03
1.780323643921753046e-02
1.744334152054000109e-02
1.489656763617874802e-02
7.039782966953309594e-03
1.405265054525642321e-02
7.846626961813060394e-03
5.162028096734770297e-03
1.357924816625680903e-02
1.264908374475041605e-02
1.110038014338021045e-02
3.694966772218712635e-03
1.330459748118358737e-02
1.473614874707341801e-02
1.048623521323226171e-02
7.785497265792666252e-03
1.151970305789741696e-02
1.999643715470417020e-03
5.397277943793894403e-03
1.225254895641747672e-02
1.053817015053067942e-02
7.037655571784751790e-03
1.321877140511988928e-03
6.219167412636909288e-03
1.382711557382489478e-02
1.316113620027280044e-02
5.836102686543942486e-03
1.190143967351872320e-02
2.183486834186516303e-04
2.264939651156157308e-03
1.350051548978961277e-02
1.133803268215527286e-02
1.137995514043264184e-02
4.880082119527700234e-03
1.194883378807700888e-02
1.315360823038300153e-02
1.003298918276585537e-02
8.221180296084552516e-03
1.094533062172004488e-02
1.148759670010630592e-03
1.649133815335493891e-03
2.153714801377560814e-03
1.397235390435525373e-02
1.209560456058261964e-02
9.395710594779217023e-03
3.446030813919054216e-03
6.046349949443161585e-03
1.370365622799946809e-02
1.111073689640491857e-02
7.547506414118871840e-03
1.059500719496085305e-02
3.256581463722840763e-04
4.934493779970244940e-04
1.460592315535723384e-02
1.346485262007536023e-02
1.039269498558821961e-02
3.760758116137202182e-03
1.300452376797520126e-02
1.496830699899081088e-02
1.222210615647127858e-02
8.221171321478279101e-03
8.636316281163765231e-04
3.193920383908704363e-01
4.679536981523474970e-01
1.594636946594882421e+00
2.014912892087330931e+00
