3.060647000000000367e-02
1.227683109999999915e-04
7.109646999999999050e-05
-3.579486999999999632e-05
-3.897339999999999348e-06
-1.008445000000000134e-05
-6.167119000000000102e-06
-2.310629999999999932e-06
-2.361061999999999655e-04
-3.269124000000000856e-04
-3.721718999999999933e-05
-1.839756000000000009e-04
-1.314202299999999877e-04
-2.636892999999999963e-04
-3.469338999999999886e-04
-3.282529999999999893e-06
-5.831982000000001179e-05
-1.265554999999999947e-05
-2.348457000000000002e-05
-1.083628399999999947e-05
-8.707751000000001529e-05
-1.892722200000000288e-04
-2.112325200000000089e-04
-8.165809999999999453e-07
-2.797509999999999750e-06
5.233110000000000452e-05
-3.292355000000000261e-06
1.128853000000000191e-03
6.276719999999999088e-04
5.413169699999999382e-05
0.000000000000000000e+00
0.000000000000000000e+00
-2.917650600000000068e-05
-2.586688000000000331e-05
-6.510558999999999476e-05
0.000000000000000000e+00
-1.229132000000000008e-05
-5.872332999999999939e-06
-1.063766600000000048e-04
-1.555889099999999841e-04
-1.168975999999999902e-04
0.000000000000000000e+00
-8.966259999999999980e-07
-6.955539999999999826e-08
-2.274488000000000169e-05
-1.155404999999999994e-05
0.000000000000000000e+00
0.000000000000000000e+00
-9.108980000000000877e-07
0.000000000000000000e+00
0.000000000000000000e+00
1.972833000000000225e-04
0.000000000000000000e+00
0.000000000000000000e+00
1.071324300000000120e-03
3.484947999999999757e-04
5.676033200000000969e-04
3.424862999999999671e-04
2.967269999999999968e-06
7.837960000000000763e-06
0.000000000000000000e+00
0.000000000000000000e+00
1.352701000000000011e-05
8.667933199999998395e-04
0.000000000000000000e+00
0.000000000000000000e+00
8.484629999999985628e-07
-1.165090000000000012e-06
1.745869999999999939e-05
5.298819999999999523e-05
-2.661200000000000033e-06
0.000000000000000000e+00
0.000000000000000000e+00
-8.241681600000000390e-06
0.000000000000000000e+00
0.000000000000000000e+00
0.000000000000000000e+00
-3.565579999999999665e-06
-2.692999000000000065e-06
-2.179006000000000055e-05
0.000000000000000000e+00
1.619779000000000010e-03
6.442557000000000665e-04
1.487987000000000023e-04
0.000000000000000000e+00
0.000000000000000000e+00
0.000000000000000000e+00
-1.199327000000000045e-05
0.000000000000000000e+00
0.000000000000000000e+00
0.000000000000000000e+00
0.000000000000000000e+00
0.000000000000000000e+00
0.000000000000000000e+00
0.000000000000000000e+00
0.000000000000000000e+00
0.000000000000000000e+00
0.000000000000000000e+00
0.000000000000000000e+00
-6.629669999999999834e-08
-1.736269999999999969e-07
-1.552425800000000155e-05
-3.481930000000000051e-06
0.000000000000000000e+00
2.674290000000000106e-06
-2.246534300000000084e-05
0.000000000000000000e+00
8.676263999999999504e-04
1.302839000000000080e-03
4.556892999999999469e-04
5.236099999999999555e-05
0.000000000000000000e+00
0.000000000000000000e+00
0.000000000000000000e+00
-1.735930999999999897e-05
-2.607279999999999879e-06
0.000000000000000000e+00
0.000000000000000000e+00
0.000000000000000000e+00
-6.029430000000000648e-06
0.000000000000000000e+00
0.000000000000000000e+00
1.418661200000000220e-04
2.167369999999999800e-06
0.000000000000000000e+00
0.000000000000000000e+00
2.014810000000000027e-06
-4.383861000000001157e-04
0.000000000000000000e+00
1.747067629999999911e-04
-2.211647399999999827e-04
0.000000000000000000e+00
-3.479941999999999809e-06
3.400680000000000543e-03
-7.890059999999999467e-05
9.923519999999997308e-04
3.386660999999999795e-04
7.096780000000000449e-04
2.542234800000000016e-05
6.187400999999999275e-04
2.432099999999999974e-06
-2.619470799999999884e-03
0.000000000000000000e+00
-1.628993199999999818e-04
1.980099000000000166e-05
0.000000000000000000e+00
7.798250000000000363e-08
-2.516744999999999567e-05
1.287589999999999983e-05
-5.452239999999999488e-06
0.000000000000000000e+00
2.670723000000000281e-05
1.229663999999999887e-03
6.594040999999999705e-04
2.095446270000000163e-03
1.201335900000000107e-04
0.000000000000000000e+00
0.000000000000000000e+00
2.787248999999999781e-04
8.853728589999999756e-04
9.877809999999999960e-07
0.000000000000000000e+00
1.416797000000000238e-03
3.601273599999999875e-04
2.902989000000000134e-04
5.766783999999999978e-05
0.000000000000000000e+00
1.007121400000000064e-03
0.000000000000000000e+00
-3.801669000000000413e-05
1.926721000000000217e-04
0.000000000000000000e+00
0.000000000000000000e+00
0.000000000000000000e+00
0.000000000000000000e+00
0.000000000000000000e+00
0.000000000000000000e+00
0.000000000000000000e+00
0.000000000000000000e+00
0.000000000000000000e+00
0.000000000000000000e+00
0.000000000000000000e+00
0.000000000000000000e+00
0.000000000000000000e+00
0.000000000000000000e+00
0.000000000000000000e+00
0.000000000000000000e+00
0.000000000000000000e+00
0.000000000000000000e+00
1.610232999999999760e-03
1.321754000000000071e-03
2.887555999999999890e-03
4.995005999999999318e-04
0.000000000000000000e+00
0.000000000000000000e+00
0.000000000000000000e+00
7.342762899999999947e-04
1.047180000000000026e-05
0.000000000000000000e+00
-5.023113599999999394e-04
-2.572637999999999921e-03
-1.458748499999999899e-03
0.000000000000000000e+00
-6.885790000000000357e-06
-4.151119999999999653e-06
0.000000000000000000e+00
0.000000000000000000e+00
0.000000000000000000e+00
0.000000000000000000e+00
0.000000000000000000e+00
0.000000000000000000e+00
3.732634000000000082e-04
0.000000000000000000e+00
-3.061128599999999781e-05
0.000000000000000000e+00
0.000000000000000000e+00
1.329658999999999962e-03
1.171014800000000008e-03
5.926772999999999980e-04
1.741577599999999783e-04
3.150996999999999945e-05
5.925322999999999918e-04
0.000000000000000000e+00
4.073863999999999930e-05
0.000000000000000000e+00
8.147340000000000162e-06
-2.234699999999999966e-06
7.881500000000001027e-05
0.000000000000000000e+00
2.076788000000000012e-05
1.474439999999999896e-05
4.708889299999999517e-04
0.000000000000000000e+00
0.000000000000000000e+00
-1.774684000000000033e-05
4.488840399999999287e-04
0.000000000000000000e+00
2.247887699999999867e-03
0.000000000000000000e+00
0.000000000000000000e+00
0.000000000000000000e+00
-5.658090000000000236e-06
0.000000000000000000e+00
9.688361999999998975e-04
1.904357752000000053e-04
4.619360000000000306e-04
1.840991200000000223e-04
0.000000000000000000e+00
0.000000000000000000e+00
2.095541700000000049e-03
3.086267469999999925e-04
0.000000000000000000e+00
0.000000000000000000e+00
0.000000000000000000e+00
3.929050000000000100e-06
0.000000000000000000e+00
6.829130000000000530e-04
0.000000000000000000e+00
0.000000000000000000e+00
3.331699999999999966e-05
2.637852999999999899e-04
-1.549892000000000034e-04
-1.858285900000000409e-03
0.000000000000000000e+00
-2.041707799999999649e-03
0.000000000000000000e+00
7.231470000000000747e-05
-1.507170800000000224e-03
0.000000000000000000e+00
-1.963638800000000028e-03
3.029399999999999693e-04
1.138361999999999995e-04
5.894077000000000387e-04
3.470717000000000333e-04
0.000000000000000000e+00
0.000000000000000000e+00
-2.970938199999999859e-04
0.000000000000000000e+00
5.679352000000000358e-03
0.000000000000000000e+00
2.387059300000000071e-03
3.531697770000000267e-03
0.000000000000000000e+00
-2.115254000000000060e-05
-5.958027000000000071e-05
-1.177302300000000019e-04
-4.172117060000000120e-04
-6.806640000000000953e-05
1.192544900000000116e-03
-1.087489000000000084e-05
0.000000000000000000e+00
0.000000000000000000e+00
0.000000000000000000e+00
-1.368229999999999858e-06
0.000000000000000000e+00
-1.132607899999999975e-04
-9.142130000000000085e-07
1.210505199999999809e-03
4.172746000000000723e-04
-2.385309900000000369e-04
0.000000000000000000e+00
1.250733899999999731e-04
1.145940000000000077e-04
1.706712640000000085e-04
2.029074599999999785e-04
1.407412300000000023e-04
1.999834199999999881e-04
0.000000000000000000e+00
2.333101199999999820e-04
1.518794600000000056e-04
1.467400000000000130e-06
7.472118300000001653e-04
4.317887190000000612e-04
2.729618800000000118e-04
0.000000000000000000e+00
0.000000000000000000e+00
8.110349999999999564e-07
7.565219999999998695e-05
1.976839999999999864e-05
0.000000000000000000e+00
0.000000000000000000e+00
0.000000000000000000e+00
2.984056000000000081e-05
0.000000000000000000e+00
2.036313000000000099e-03
2.141790000000000187e-03
9.400322999999998191e-04
8.846508999999999363e-04
1.664682000000000065e-04
7.910392999999999938e-04
1.851778299999999990e-03
-8.110834000000000685e-05
0.000000000000000000e+00
0.000000000000000000e+00
1.168140500000000001e-05
2.096546199999999981e-04
3.771981699999999739e-05
3.246317299999999860e-04
0.000000000000000000e+00
0.000000000000000000e+00
-1.135972000000000040e-05
0.000000000000000000e+00
0.000000000000000000e+00
0.000000000000000000e+00
8.547599999999999274e-06
2.854974900000000013e-04
3.814413800000000495e-04
3.330439999999999914e-05
0.000000000000000000e+00
0.000000000000000000e+00
0.000000000000000000e+00
2.410799999999999835e-03
9.739024999999999679e-04
1.665794999999999863e-03
7.158106999999999057e-04
7.227876000000000049e-04
5.365108999999999796e-05
0.000000000000000000e+00
9.001459999999999025e-06
1.540911199999999912e-03
1.378910300000000004e-04
1.218021269999999909e-03
0.000000000000000000e+00
3.724544900000000837e-04
0.000000000000000000e+00
0.000000000000000000e+00
4.504250800000000307e-05
5.528629999999999954e-05
3.491501199999999571e-04
0.000000000000000000e+00
0.000000000000000000e+00
2.053742399999999922e-04
0.000000000000000000e+00
0.000000000000000000e+00
0.000000000000000000e+00
8.820697000000000227e-05
-1.378113099999999801e-04
-1.149720829999999899e-04
7.749995000000001275e-04
1.210295799999999960e-04
2.981199000000000457e-04
-5.214180000000000279e-06
4.111916999999999378e-06
2.547728200000000365e-04
-1.553040000000000042e-06
-1.355830199999999940e-04
0.000000000000000000e+00
-2.172506000000000118e-06
0.000000000000000000e+00
-2.555649999999999727e-07
5.387867999999999217e-04
-5.661569800000000466e-04
-7.251214000000000401e-04
0.000000000000000000e+00
-9.968739999999999698e-05
-1.802308000000000024e-04
-1.915815433999999858e-04
0.000000000000000000e+00
0.000000000000000000e+00
-8.095400000000000876e-07
0.000000000000000000e+00
0.000000000000000000e+00
-9.726829999999999756e-08
-6.802080000000000441e-05
-5.109173399999999705e-05
1.295216999999999983e-03
2.795608399999999910e-04
5.668666000000000156e-03
2.829311999999999992e-05
8.943360000000000377e-06
0.000000000000000000e+00
9.200942999999999839e-04
5.692324499999999645e-04
-5.116263999999998624e-05
-2.329890000000000066e-06
0.000000000000000000e+00
0.000000000000000000e+00
0.000000000000000000e+00
-1.472730000000000043e-05
0.000000000000000000e+00
0.000000000000000000e+00
8.920567799999999854e-05
-3.774589999999999973e-06
-6.703459200000001523e-05
-1.865268000000000045e-05
0.000000000000000000e+00
0.000000000000000000e+00
2.547774000000000046e-03
1.374152000000000121e-04
0.000000000000000000e+00
9.489059999999999574e-05
0.000000000000000000e+00
1.842157999999999990e-03
1.150150999999999864e-03
3.837860999999999812e-04
8.111491000000001922e-03
0.000000000000000000e+00
4.431180300000000377e-04
8.839289999999999525e-06
0.000000000000000000e+00
0.000000000000000000e+00
0.000000000000000000e+00
-5.154520000000000075e-06
-5.910329999999999959e-07
2.372380100000000356e-03
-1.188363329999999961e-04
-7.160790999999998979e-05
6.029608000000000537e-03
0.000000000000000000e+00
1.262006099999999796e-03
0.000000000000000000e+00
0.000000000000000000e+00
0.000000000000000000e+00
0.000000000000000000e+00
0.000000000000000000e+00
2.707050000000000196e-06
0.000000000000000000e+00
1.352090000000000128e-05
0.000000000000000000e+00
1.179319399999999773e-03
8.846836000000000283e-04
1.611082299999999786e-04
2.509914000000000107e-05
0.000000000000000000e+00
0.000000000000000000e+00
0.000000000000000000e+00
0.000000000000000000e+00
0.000000000000000000e+00
2.326146499999999972e-04
-6.934821299999999536e-04
-1.896164499999999724e-04
0.000000000000000000e+00
-4.856219999999999898e-06
-6.826373699999999751e-04
0.000000000000000000e+00
6.897809999999999608e-05
-1.934671999999999694e-05
0.000000000000000000e+00
1.875360000000000032e-06
0.000000000000000000e+00
2.733780000000000108e-05
0.000000000000000000e+00
7.586990000000001368e-06
0.000000000000000000e+00
8.292440000000000856e-05
-1.302060000000000032e-05
5.533028999999999639e-04
8.102051000000000738e-04
6.338075000000000740e-04
6.738908100000000302e-05
1.145631179999999968e-04
5.259803699999999332e-04
0.000000000000000000e+00
8.237372400000001838e-04
-7.007359999999999559e-07
-8.400291699999999477e-05
-1.191410200000000047e-04
-2.167079999999999841e-06
-1.450406000000000289e-05
2.306719999999999951e-03
-3.012769999999999786e-06
3.014451999999999930e-03
0.000000000000000000e+00
0.000000000000000000e+00
-6.144839999999999938e-05
0.000000000000000000e+00
-7.322820000000001151e-05
0.000000000000000000e+00
-3.397530000000000063e-06
-1.952784679999999828e-05
0.000000000000000000e+00
0.000000000000000000e+00
0.000000000000000000e+00
1.937168000000000180e-03
1.034277599999999884e-03
3.440303000000000458e-04
0.000000000000000000e+00
3.248540400000000201e-04
1.562185099999999823e-03
0.000000000000000000e+00
0.000000000000000000e+00
-4.486040000000000166e-06
0.000000000000000000e+00
0.000000000000000000e+00
1.097339199999999978e-03
9.821221000000000204e-04
0.000000000000000000e+00
-2.028379999999999797e-07
0.000000000000000000e+00
0.000000000000000000e+00
0.000000000000000000e+00
0.000000000000000000e+00
0.000000000000000000e+00
1.946493899999999968e-03
0.000000000000000000e+00
-4.530065000000000139e-06
0.000000000000000000e+00
0.000000000000000000e+00
-1.607660000000000037e-06
1.113599500000000009e-04
2.354765000000000417e-03
2.215437100000000256e-03
1.183476399999999849e-03
5.342390000000000023e-06
0.000000000000000000e+00
5.592689000000000080e-05
1.243434700000000043e-04
0.000000000000000000e+00
8.596897000000001455e-05
0.000000000000000000e+00
1.892472999999999931e-04
-5.030089999999999811e-05
-4.830899999999999775e-06
0.000000000000000000e+00
0.000000000000000000e+00
7.292129999999999798e-07
6.666514999999999377e-04
1.532673000000000021e-04
4.626256999999999776e-05
0.000000000000000000e+00
3.092749100000000140e-03
0.000000000000000000e+00
7.767509999999999768e-05
8.983149999999998856e-06
5.389630000000000776e-05
0.000000000000000000e+00
0.000000000000000000e+00
1.908935999999999966e-03
1.510429200000000267e-03
6.857540000000000077e-04
4.869793000000000082e-04
8.549340099999998624e-05
6.623255399999999687e-04
1.055340000000000097e-04
0.000000000000000000e+00
3.017774999999999749e-05
0.000000000000000000e+00
1.155083999999999798e-03
3.937470000000000436e-06
2.854179000000000091e-03
6.184636200000001019e-04
0.000000000000000000e+00
-1.106659899999999945e-03
-6.317838999999999905e-06
0.000000000000000000e+00
0.000000000000000000e+00
-3.065280999999999968e-05
-8.357513999999999482e-05
-1.180688000000000104e-04
0.000000000000000000e+00
0.000000000000000000e+00
0.000000000000000000e+00
0.000000000000000000e+00
0.000000000000000000e+00
1.853409000000000306e-03
1.720058000000000004e-03
7.027748000000000328e-04
3.704500000000000327e-03
1.958665599999999830e-04
6.187566000000000246e-03
-1.236014999999999888e-05
4.916999000000000456e-04
1.635088900000000018e-04
0.000000000000000000e+00
8.121209199999999528e-04
1.179177999999999978e-05
3.672884300000000413e-05
3.681284999999999602e-06
1.556890000000000013e-06
4.314210000000000089e-07
0.000000000000000000e+00
0.000000000000000000e+00
0.000000000000000000e+00
0.000000000000000000e+00
0.000000000000000000e+00
0.000000000000000000e+00
0.000000000000000000e+00
0.000000000000000000e+00
0.000000000000000000e+00
0.000000000000000000e+00
0.000000000000000000e+00
1.314782000000000017e-03
1.315142000000000047e-03
1.233649399999999993e-03
4.065582999999999459e-04
9.637204999999999491e-05
1.162833099999999870e-03
1.805953000000000224e-04
3.480550600000000049e-05
1.063679999999999953e-05
0.000000000000000000e+00
0.000000000000000000e+00
1.086927400000000065e-04
0.000000000000000000e+00
-3.536968000000000143e-03
4.931490000000000450e-05
3.007980000000000294e-05
0.000000000000000000e+00
0.000000000000000000e+00
0.000000000000000000e+00
1.887421679999999960e-04
0.000000000000000000e+00
1.235581479999999953e-03
1.668406000000000099e-03
0.000000000000000000e+00
0.000000000000000000e+00
0.000000000000000000e+00
0.000000000000000000e+00
1.962555999999999849e-03
1.649003999999999704e-03
1.864362799999999890e-03
2.879280999999999919e-04
0.000000000000000000e+00
2.002880399999999934e-04
4.369295999999999944e-03
0.000000000000000000e+00
2.042250499999999965e-03
2.052863600000000028e-03
0.000000000000000000e+00
1.072761010000000106e-04
0.000000000000000000e+00
0.000000000000000000e+00
1.822963700000000030e-05
0.000000000000000000e+00
1.420791000000000065e-05
2.562021999999999964e-06
5.370470000000000099e-06
0.000000000000000000e+00
6.810805999999999653e-05
1.231097200000000130e-04
0.000000000000000000e+00
0.000000000000000000e+00
1.265889799999999916e-03
8.706369000000000261e-03
4.135503000000000171e-05
1.460700000000000106e-03
5.049976000000000725e-04
4.099469999999999156e-03
1.767174900000000135e-03
2.211319189999999893e-03
2.749626000000000023e-04
3.130492999999999384e-03
0.000000000000000000e+00
0.000000000000000000e+00
0.000000000000000000e+00
0.000000000000000000e+00
0.000000000000000000e+00
0.000000000000000000e+00
-2.193678800000000028e-05
3.572300999999999732e-05
0.000000000000000000e+00
0.000000000000000000e+00
0.000000000000000000e+00
0.000000000000000000e+00
0.000000000000000000e+00
0.000000000000000000e+00
7.481330800000000067e-04
2.114822199999999669e-04
6.117199999999998962e-05
4.844845999999999875e-03
1.132624499999999781e-03
-1.569073000000000147e-04
1.109757899999999934e-03
7.437447000000000892e-04
3.763066000000000132e-04
4.166352999999999376e-03
2.213843200000000129e-03
4.879218400000000515e-04
1.754599900000000006e-03
7.342354499999999024e-04
5.895411900000000665e-04
8.037339999999999860e-05
8.558287000000001498e-05
9.081562200000002291e-04
1.153433400000000069e-03
-3.437632500000000667e-05
1.107265999999999979e-04
2.325236500000000281e-04
1.802606400000000136e-03
0.000000000000000000e+00
0.000000000000000000e+00
0.000000000000000000e+00
-1.341395000000000055e-05
9.385310000000000440e-06
0.000000000000000000e+00
-9.625359999999998252e-06
0.000000000000000000e+00
0.000000000000000000e+00
4.536909999999999562e-06
5.724924999999999198e-04
1.408885199999999926e-04
1.733509999999999857e-06
0.000000000000000000e+00
0.000000000000000000e+00
0.000000000000000000e+00
0.000000000000000000e+00
0.000000000000000000e+00
0.000000000000000000e+00
0.000000000000000000e+00
0.000000000000000000e+00
0.000000000000000000e+00
0.000000000000000000e+00
0.000000000000000000e+00
0.000000000000000000e+00
0.000000000000000000e+00
-4.291559699999999798e-05
0.000000000000000000e+00
0.000000000000000000e+00
0.000000000000000000e+00
0.000000000000000000e+00
3.852412000000000479e-04
2.986313699999999793e-04
0.000000000000000000e+00
0.000000000000000000e+00
0.000000000000000000e+00
0.000000000000000000e+00
5.411667000000000647e-04
1.940603700000000076e-04
4.690207000000000273e-04
8.861640000000000760e-05
0.000000000000000000e+00
0.000000000000000000e+00
0.000000000000000000e+00
-1.904800000000000169e-06
2.454900000000000162e-05
0.000000000000000000e+00
0.000000000000000000e+00
0.000000000000000000e+00
0.000000000000000000e+00
0.000000000000000000e+00
0.000000000000000000e+00
0.000000000000000000e+00
0.000000000000000000e+00
0.000000000000000000e+00
0.000000000000000000e+00
0.000000000000000000e+00
0.000000000000000000e+00
0.000000000000000000e+00
0.000000000000000000e+00
0.000000000000000000e+00
0.000000000000000000e+00
0.000000000000000000e+00
0.000000000000000000e+00
7.585354999999999138e-04
5.272392999999999785e-04
3.029994900000000245e-04
7.510845000000000422e-05
4.472400000000000073e-05
2.838060000000000149e-06
0.000000000000000000e+00
1.777489999999999816e-05
0.000000000000000000e+00
0.000000000000000000e+00
0.000000000000000000e+00
0.000000000000000000e+00
1.436849999999999973e-05
0.000000000000000000e+00
0.000000000000000000e+00
0.000000000000000000e+00
0.000000000000000000e+00
0.000000000000000000e+00
0.000000000000000000e+00
0.000000000000000000e+00
0.000000000000000000e+00
0.000000000000000000e+00
0.000000000000000000e+00
0.000000000000000000e+00
0.000000000000000000e+00
0.000000000000000000e+00
5.153710000000000501e-05
7.728292999999999361e-04
3.476374199999999809e-04
1.245898200000000126e-04
0.000000000000000000e+00
0.000000000000000000e+00
-3.048782000000000450e-05
-6.475647000000001041e-03
-3.684809000000000044e-04
-4.441303000000000611e-03
-1.152323900000000109e-03
-1.391318799999999951e-03
-3.281007000000000281e-03
-5.681169999999999276e-04
-3.884417999999999725e-03
-2.860228000000000900e-04
-4.544723000000000512e-03
-2.178637099999999795e-03
-4.544987999999999589e-04
-1.109849999999999886e-05
4.804911999999999725e-03
-2.120761999999999994e-03
-1.117357299999999969e-04
-3.508353999999999986e-04
-3.768809000000000135e-03
-2.490953399999999880e-03
-7.555851840000000748e-05
-6.502533000000000445e-05
-6.458612000000000294e-04
-2.295293859999999932e-03
-7.117101999999998795e-05
2.357554999999999826e-05
-3.036168999999999695e-04
8.513690000000000136e-05
-3.782609000000000145e-03
-6.780431000000000981e-06
-5.407145000000000354e-04
0.000000000000000000e+00
3.864546230000000010e-04
-2.980084000000000248e-04
-1.725884600000000216e-03
-3.230528900000000179e-04
-8.250386000000001479e-04
-1.514276600000000043e-04
-2.109506300000000352e-04
-2.543177000000000198e-03
-7.972395999999999216e-04
0.000000000000000000e+00
0.000000000000000000e+00
4.533723000000000028e-04
0.000000000000000000e+00
-4.344668699999999903e-04
-3.038645100000000117e-04
-1.805088799999999942e-04
-2.400447999999999891e-05
8.323449999999997702e-05
1.428700799999999980e-04
-2.681755999999999984e-03
4.632558000000000108e-05
-1.890039999999999949e-04
7.838549999999999473e-07
0.000000000000000000e+00
-2.619247000000000328e-03
-5.319303000000000052e-03
-3.142191199999999759e-04
-2.687829199999999721e-04
-2.076422799999999916e-03
-5.688950000000000343e-04
-2.477007999999999727e-03
0.000000000000000000e+00
-3.196533999999999574e-03
0.000000000000000000e+00
7.953662000000000015e-04
-1.278951399999999771e-04
-3.149229000000000785e-03
-6.758538999999998955e-04
-5.452256960000000362e-05
-5.368237599999999650e-04
-7.693253999999999848e-04
-5.239336799999999659e-04
1.309745799999999965e-04
-7.628238999999998574e-05
1.878079099999999764e-03
2.391045100000000097e-03
1.750221199999999939e-05
-4.745379099999999691e-04
-9.312154000000000221e-05
0.000000000000000000e+00
-1.546790000000000144e-04
-2.222751099999999895e-04
-3.265092999999999945e-04
-4.864442000000000071e-04
0.000000000000000000e+00
-2.885224999999999942e-04
2.510094300000000251e-04
9.543067000000000563e-05
-4.392267999999999737e-04
-3.421945000000000455e-03
-2.639092700000000022e-04
-3.933327000000000568e-04
-8.982795000000000449e-05
-5.755699999999999662e-04
-1.873005299999999738e-03
0.000000000000000000e+00
-1.642034200000000292e-04
2.250660000000000247e-03
1.197209000000000077e-04
-2.115553200000000120e-03
-2.469001200000000250e-03
3.501543000000000298e-04
-1.710251999999999996e-03
2.314759999999999908e-03
1.246516999999999938e-03
8.823407999999999599e-04
2.050087499999999978e-04
1.245036099999999855e-04
1.112989999999999910e-06
0.000000000000000000e+00
0.000000000000000000e+00
0.000000000000000000e+00
0.000000000000000000e+00
0.000000000000000000e+00
0.000000000000000000e+00
0.000000000000000000e+00
8.055660000000000813e-07
0.000000000000000000e+00
2.449783799999999704e-04
0.000000000000000000e+00
0.000000000000000000e+00
0.000000000000000000e+00
8.857129200000000166e-05
4.620562200000000381e-05
5.941372999999999875e-05
5.998255999999999987e-04
3.562539099999999475e-04
1.952100000000000334e-06
0.000000000000000000e+00
0.000000000000000000e+00
2.454356000000000419e-03
1.239124000000000085e-03
7.483146000000000199e-04
1.731521700000000102e-04
1.098475499999999780e-04
1.211689999999999913e-05
4.541769999999999885e-06
0.000000000000000000e+00
0.000000000000000000e+00
9.033406699999999598e-05
0.000000000000000000e+00
0.000000000000000000e+00
0.000000000000000000e+00
-2.395742999999999739e-05
0.000000000000000000e+00
-1.591848399999999902e-04
-6.682184999999999449e-05
-2.981562299999999987e-04
-4.057300000000000609e-05
2.943988099999999847e-03
-5.612354899999999963e-05
4.935953000000000736e-03
0.000000000000000000e+00
0.000000000000000000e+00
0.000000000000000000e+00
0.000000000000000000e+00
-4.317750000000000292e-06
2.453908999999999778e-03
1.360100000000000154e-03
5.796393000000000378e-03
3.034568000000000725e-04
9.022705000000001089e-04
2.964995200000000109e-05
0.000000000000000000e+00
5.305455899999999159e-04
3.613930000000000007e-03
1.460773000000000063e-03
0.000000000000000000e+00
0.000000000000000000e+00
0.000000000000000000e+00
-1.637572999999999847e-05
-1.496694000000000006e-05
1.577777532099999900e-04
0.000000000000000000e+00
-1.936689000000000187e-05
0.000000000000000000e+00
5.523049999999999238e-05
0.000000000000000000e+00
-1.373153910000000054e-05
-9.745201500000000923e-05
-6.709170999999999397e-05
-3.167343000000000280e-05
0.000000000000000000e+00
0.000000000000000000e+00
1.994870000000000150e-03
1.319342999999999948e-03
5.450178999999999441e-04
-5.048191999999999659e-05
2.547779999999999855e-05
-4.090631000000000714e-04
-2.246559999999999968e-06
0.000000000000000000e+00
-2.835144999999999636e-04
-2.881204000000000155e-06
0.000000000000000000e+00
-1.014117550000000141e-04
-1.009752699999999999e-05
-2.890187499999999745e-04
0.000000000000000000e+00
0.000000000000000000e+00
-3.750508100000000250e-05
-1.729391800000000046e-04
-1.523520199999999989e-05
-5.715700000000000180e-06
-1.935649999999999840e-06
0.000000000000000000e+00
-1.794633000000000000e-06
-4.473939999999999893e-06
0.000000000000000000e+00
0.000000000000000000e+00
-7.336753989999999625e-04
1.893875000000000159e-03
1.573355000000000239e-03
8.242369000000000908e-04
5.634258000000000495e-04
3.178146999999999982e-04
5.927157000000000822e-04
1.247345500000000135e-04
1.671017650399999764e-04
3.280007000000000257e-05
0.000000000000000000e+00
0.000000000000000000e+00
3.527159999999999616e-05
4.022714420000000207e-04
0.000000000000000000e+00
9.742024999999998125e-04
0.000000000000000000e+00
0.000000000000000000e+00
-6.911074229999999685e-06
7.718176999999999677e-03
-2.885022999999999906e-04
4.455771300000000291e-04
2.262384499999999833e-03
-7.606559999999999895e-06
0.000000000000000000e+00
0.000000000000000000e+00
4.564376000000000197e-03
0.000000000000000000e+00
2.054999899999999501e-03
1.249735299999999967e-03
0.000000000000000000e+00
6.024061000000000259e-04
-1.868203000000000382e-05
8.466125999999999925e-05
0.000000000000000000e+00
0.000000000000000000e+00
-3.068570000000000336e-05
7.406529200000000739e-04
-1.794196000000000072e-03
9.967389999999999787e-06
2.088890999999999987e-05
6.588929999999999787e-03
-1.791540300000000287e-05
4.400184999999999166e-03
2.416685679999999844e-04
8.242746999999998186e-03
4.529934000000001085e-03
3.378076800000000203e-04
3.748508999999999695e-03
7.925256999999999192e-05
4.704366999999999880e-04
4.882314000000000445e-03
0.000000000000000000e+00
-3.130815000000000364e-06
0.000000000000000000e+00
4.150680999999999707e-04
1.223808100000000091e-03
0.000000000000000000e+00
1.718681689999999906e-04
6.295622000000000284e-04
-1.395862100000000027e-04
2.970849999999999686e-06
-2.901420999999999812e-05
2.313288900000000131e-04
3.367895799999999902e-05
7.129018999999999311e-06
-4.897423000000000493e-05
-1.356657000000000045e-04
0.000000000000000000e+00
0.000000000000000000e+00
0.000000000000000000e+00
0.000000000000000000e+00
0.000000000000000000e+00
3.059856000000000555e-03
7.283184999999999312e-03
2.678726000000000197e-03
4.890336999999999809e-03
0.000000000000000000e+00
3.447562000000000044e-05
1.845869999999999998e-06
3.057641000000000241e-06
0.000000000000000000e+00
1.640260000000000372e-03
1.789546000000000149e-03
1.489015200000000068e-03
2.412562000000000094e-04
1.003795759999999979e-04
1.547004200000000221e-04
2.437139999999999966e-03
3.171503000000000321e-04
-7.595732000000000005e-05
5.616108999999999338e-03
3.521727999999999578e-03
2.682716999999999827e-03
5.694857999999999691e-03
3.540208999999999891e-03
0.000000000000000000e+00
0.000000000000000000e+00
1.429380000000000111e-06
0.000000000000000000e+00
0.000000000000000000e+00
0.000000000000000000e+00
-7.616687600000001204e-05
0.000000000000000000e+00
-1.139841244000000054e-03
0.000000000000000000e+00
-1.828637699999999868e-05
-9.590259999999998686e-08
-6.882775999999999575e-05
1.422536999999999977e-03
1.116413199999999979e-03
6.095367999999999880e-04
3.656986000000000091e-04
2.291411999999999670e-04
9.974331000000000505e-05
3.097027000000000274e-06
1.917102000000000064e-04
6.694503099999999903e-04
3.401860000000000261e-07
0.000000000000000000e+00
1.112164899999999994e-03
0.000000000000000000e+00
0.000000000000000000e+00
1.093224099999999825e-04
5.933960000000000019e-06
-2.358790000000000162e-05
-6.029358000000000016e-05
-3.270315000000000553e-05
0.000000000000000000e+00
0.000000000000000000e+00
0.000000000000000000e+00
0.000000000000000000e+00
0.000000000000000000e+00
0.000000000000000000e+00
3.603354299999999471e-04
1.111681569999999888e-03
1.041184899999999993e-03
1.762073000000000068e-03
2.516060599999999422e-03
2.003531999999999709e-04
5.153857999999999877e-04
4.884810000000000280e-04
4.385642200000000536e-04
4.844683000000000453e-04
-6.267989999999999258e-06
5.477279999999999505e-06
9.474933999999998009e-05
5.880844999999999427e-05
8.866829999999999943e-06
2.592070000000000155e-06
0.000000000000000000e+00
1.921107600000000011e-04
5.470045699999999140e-04
7.284236000000000641e-06
0.000000000000000000e+00
-1.533166299999999971e-04
0.000000000000000000e+00
1.639002400000000000e-03
0.000000000000000000e+00
2.449461799999999947e-04
2.720044229999999969e-04
1.331569910000000162e-03
2.001740000000000083e-06
1.882784000000000194e-03
3.163832000000000536e-03
1.609381499999999743e-03
1.533020600000000160e-03
-9.219679999999999876e-07
4.964178800000000787e-03
2.817859400000000927e-04
-1.247790699999999945e-03
2.361703599999999924e-03
5.272271999999999723e-04
8.470497999999999483e-04
0.000000000000000000e+00
4.304312999999999661e-05
6.543219600000000930e-04
1.785240600000000046e-04
1.102019999999999996e-05
8.110279999999999538e-06
4.774476100000000405e-04
0.000000000000000000e+00
0.000000000000000000e+00
0.000000000000000000e+00
-8.744677999999998948e-05
0.000000000000000000e+00
0.000000000000000000e+00
0.000000000000000000e+00
0.000000000000000000e+00
1.991221100000000084e-03
8.636041000000000550e-04
4.477219000000000164e-03
-2.928240000000000445e-06
1.492674240000000329e-04
4.709426000000000931e-03
7.653263000000000427e-03
6.161757999999998951e-03
5.785529000000000192e-03
0.000000000000000000e+00
3.544011200000000191e-03
9.235556000000000668e-03
7.606931999999999409e-03
5.906591999999999572e-03
4.052410999999999579e-04
9.382062999999999080e-04
1.750951900000000030e-03
1.581230899999999965e-03
1.122361999999999796e-03
5.957496999999999966e-03
4.637891920000000332e-04
1.337407000000000092e-03
0.000000000000000000e+00
5.241293000000000167e-03
4.873901680000000680e-04
8.306414000000001546e-03
2.107050000000000064e-07
0.000000000000000000e+00
4.576405000000000403e-03
4.607487299999999189e-03
1.346264200000000296e-03
1.561927499999999963e-04
3.298876999999999973e-03
3.837477000000000162e-03
2.004480599999999661e-03
0.000000000000000000e+00
5.476900000000000027e-06
4.543919300000000451e-05
7.734515000000000400e-04
0.000000000000000000e+00
1.119341999999999997e-05
3.385929999999999933e-07
-4.750564999999999129e-04
-3.746194699999999371e-03
7.544589999999999877e-06
7.104475000000000449e-05
-4.906021000000000068e-06
9.121992999999999248e-06
0.000000000000000000e+00
0.000000000000000000e+00
2.908991000000000528e-03
9.443129999999999829e-06
0.000000000000000000e+00
1.534630899999999971e-04
8.808880999999999526e-04
9.722915000000000810e-04
2.856121000000000527e-03
2.195920999999999984e-03
1.211117500000000007e-03
1.506249999999999851e-05
-4.772409999999999391e-04
3.452409200000000318e-04
-1.317544999999999936e-05
2.601627300000000122e-03
1.181312000000000016e-05
0.000000000000000000e+00
1.525177600000000161e-03
5.558596200000000216e-05
2.302032759999999862e-04
1.425522600000000018e-03
1.061819999999999856e-06
2.426084199999999807e-04
0.000000000000000000e+00
4.612759999999999861e-06
7.315627800000000817e-04
1.996080799999999742e-03
4.618787700000000251e-05
1.330560800000000002e-04
0.000000000000000000e+00
7.758607340000000504e-06
6.575129999999999506e-06
0.000000000000000000e+00
2.707095999999999981e-03
1.539489000000000005e-03
1.684827000000000286e-03
2.605701000000000414e-04
3.938874000000000195e-03
4.425943999999999785e-06
1.670100800000000007e-05
-1.248727300000000034e-04
6.003586000000000290e-05
-6.031303000000000892e-06
-5.706750000000000461e-07
3.643303569999999862e-04
0.000000000000000000e+00
1.660608999999999943e-05
-6.851345999999999912e-04
4.860596000000000014e-03
9.152481800000000561e-04
8.947827699999999582e-04
9.500839300000000825e-04
8.394319999999999278e-05
1.038920190000000143e-03
1.261187999999999892e-04
7.045300000000000122e-06
4.211892100000000643e-04
0.000000000000000000e+00
0.000000000000000000e+00
3.425483999999999880e-05
1.833933299999999933e-04
1.524779999999999973e-07
9.275184000000000336e-04
1.112969600000000099e-03
8.159346999999999520e-04
8.084117000000002207e-04
1.960217000000000209e-04
2.322022640000000128e-04
1.137460199999999928e-04
1.961907499999999884e-04
-4.813302000000000287e-05
1.753938799999999864e-04
-1.684070099999999894e-04
-2.859860000000000093e-06
0.000000000000000000e+00
0.000000000000000000e+00
0.000000000000000000e+00
0.000000000000000000e+00
0.000000000000000000e+00
-2.684900000000000332e-05
0.000000000000000000e+00
1.408710199999999881e-04
1.095138000000000017e-05
1.209151899999999762e-03
0.000000000000000000e+00
0.000000000000000000e+00
0.000000000000000000e+00
2.223661000000000474e-03
1.482829999999999869e-03
1.802786299999999901e-03
0.000000000000000000e+00
4.655223000000000000e-04
4.295409700000000109e-05
-3.191843000000000468e-05
1.266255399999999850e-04
6.784318699999999220e-05
0.000000000000000000e+00
0.000000000000000000e+00
3.055093500000000432e-04
3.942520000000000498e-06
-7.949627000000000451e-05
0.000000000000000000e+00
-7.186919999999999962e-05
2.572603340000000072e-03
0.000000000000000000e+00
-9.535459999999999333e-06
0.000000000000000000e+00
0.000000000000000000e+00
0.000000000000000000e+00
0.000000000000000000e+00
0.000000000000000000e+00
0.000000000000000000e+00
0.000000000000000000e+00
1.333400479999999918e-04
2.410619000000000130e-03
1.015757200000000230e-03
8.100772999999998614e-04
5.387275000000000695e-05
2.063569599999999732e-04
2.747472000000000111e-05
4.872789000000000417e-05
2.154109442999999828e-04
7.870057700000001395e-05
2.654070000000000154e-07
3.182608900000000272e-03
7.735177000000001174e-05
3.992330000000000386e-07
2.588946090000000030e-03
4.352026000000000158e-03
2.777219999999999983e-06
3.490449999999999759e-06
0.000000000000000000e+00
2.991479640000000058e-03
3.927844400000000025e-04
3.179084499999999727e-03
0.000000000000000000e+00
4.182227200000000235e-03
1.202079999999999975e-06
1.359948590000000174e-03
2.268544989999999781e-04
0.000000000000000000e+00
1.116836400000000094e-03
1.822684999999999887e-03
1.360794999999999713e-03
3.609447299999999753e-05
1.056796099999999855e-03
8.599346999999998289e-04
1.080389900000000222e-02
3.765726000000000273e-04
1.680823000000000153e-05
4.962534000000000351e-05
0.000000000000000000e+00
9.000141000000000131e-04
9.072050000000001088e-07
0.000000000000000000e+00
1.301438919999999824e-03
-1.262270000000000029e-05
5.193147399999999454e-06
0.000000000000000000e+00
0.000000000000000000e+00
2.450716599999999907e-04
0.000000000000000000e+00
0.000000000000000000e+00
0.000000000000000000e+00
2.166036000000000090e-03
1.170182000000000005e-05
0.000000000000000000e+00
-4.394889100000000409e-05
1.417197000000000031e-03
1.907573999999999772e-03
1.946601999999999968e-03
7.910530000000001120e-04
1.218647600000000207e-03
0.000000000000000000e+00
0.000000000000000000e+00
4.758649200000000063e-05
2.058708759999999750e-04
0.000000000000000000e+00
4.719733699999999064e-05
1.181633193999999924e-04
1.879704410000000042e-04
0.000000000000000000e+00
4.712479999999999857e-07
0.000000000000000000e+00
0.000000000000000000e+00
0.000000000000000000e+00
0.000000000000000000e+00
-1.124323699999999968e-02
0.000000000000000000e+00
-3.482449999999999836e-05
-6.516179999999999841e-06
0.000000000000000000e+00
0.000000000000000000e+00
0.000000000000000000e+00
5.500832629999999638e-04
-1.046423200000000039e-02
1.000280799999999932e-03
4.496474999999999669e-04
4.462496000000000041e-04
-4.223712999999999383e-04
1.744394000000000023e-05
4.167565000000000679e-04
1.199746499999999969e-03
1.875290099999999977e-03
1.548141999999999856e-05
2.251861000000000021e-04
0.000000000000000000e+00
1.085646300000000109e-03
0.000000000000000000e+00
1.949537170000000073e-03
4.993622899999999518e-03
1.821029999999999995e-06
6.359070999999999127e-03
9.708776000000000775e-04
1.291261220000000133e-03
-1.252849999999999999e-06
3.548537999999999736e-04
2.736160400000000204e-04
2.904047999999999677e-04
8.665949999999999250e-05
2.866046803999999955e-03
2.745309499999999334e-04
1.536949000000000128e-03
4.424877999999999277e-03
4.730563000000000996e-03
2.530792000000000458e-03
2.835859000000000036e-03
1.259162700000000107e-04
0.000000000000000000e+00
3.199790929999999744e-04
9.072259299999999721e-04
5.275631000000000244e-04
1.577639300000000357e-03
2.541282800000000015e-03
1.687850499999999537e-04
0.000000000000000000e+00
-1.526321000000000275e-02
-1.630686999999999927e-05
-4.937979999999999858e-07
0.000000000000000000e+00
0.000000000000000000e+00
8.279470000000000750e-07
-1.042804299999999871e-04
-2.299587999999999979e-04
0.000000000000000000e+00
0.000000000000000000e+00
-9.263382999999999600e-04
4.064916999999999489e-03
0.000000000000000000e+00
1.491167000000000057e-03
2.624095000000000225e-04
6.464829999999999969e-04
4.235381000000000844e-04
1.502058099999999943e-03
-1.104444900000000089e-03
1.626895600000000152e-03
1.722419700000000012e-03
0.000000000000000000e+00
2.351890400000000172e-04
1.137470100000000079e-04
0.000000000000000000e+00
0.000000000000000000e+00
0.000000000000000000e+00
0.000000000000000000e+00
0.000000000000000000e+00
2.475479999999999718e-06
0.000000000000000000e+00
0.000000000000000000e+00
0.000000000000000000e+00
0.000000000000000000e+00
1.544035500000000033e-04
9.026832000000000584e-05
9.945489999999998353e-07
0.000000000000000000e+00
6.525844099999999050e-05
0.000000000000000000e+00
1.193277600000000171e-03
1.380901699999999939e-03
2.746933000000000014e-03
9.456675999999998496e-04
9.026363999999999829e-04
2.475264899999999896e-03
2.143160400000000427e-03
2.465571900000000476e-03
1.424978199999999990e-03
5.167982000000000218e-04
2.842140099999999978e-03
0.000000000000000000e+00
-1.123049800000000022e-02
1.150777000000000061e-06
0.000000000000000000e+00
1.519450500000000031e-05
2.371017530000000054e-04
2.771769599999999762e-04
5.117640100000000157e-04
0.000000000000000000e+00
1.973150999999999974e-05
5.166718999999999956e-04
6.369174699999999387e-04
2.782555999999999723e-04
1.126927600000000239e-04
4.350062000000000297e-05
6.646039999999999814e-06
2.790970999999999730e-03
1.835966000000000074e-03
1.394547800000000160e-03
1.006163599999999983e-04
1.541186300000000047e-03
2.331190700000000204e-04
8.455420000000000099e-06
6.035766999999998958e-04
-4.036136000000000931e-03
-5.189330199999998795e-04
1.609138499999999928e-03
7.031444999999999883e-03
-1.537807859999999846e-04
1.345468780000000190e-03
4.773250100000000292e-04
3.465818100000000101e-04
1.573299999999999997e-05
4.681827699999999972e-04
2.376601500000000058e-03
3.986965000000000300e-03
8.109288000000000954e-04
1.888699659999999996e-04
1.887255169999999872e-04
-7.043439000000000297e-03
0.000000000000000000e+00
2.630087099999999954e-04
1.176818700000000070e-04
8.399861999999998826e-04
9.499971999999999106e-04
3.450311999999999433e-04
3.605052000000000083e-03
2.662262000000000092e-04
3.004517000000000385e-03
0.000000000000000000e+00
0.000000000000000000e+00
0.000000000000000000e+00
0.000000000000000000e+00
8.965211900000000038e-05
2.677452410000000184e-04
1.227781999999999928e-05
6.404870999999998939e-05
4.379110099999999081e-05
0.000000000000000000e+00
0.000000000000000000e+00
0.000000000000000000e+00
0.000000000000000000e+00
-3.311430000000000159e-07
3.370108000000000131e-03
0.000000000000000000e+00
0.000000000000000000e+00
6.029101000000000252e-03
4.488535000000000094e-03
0.000000000000000000e+00
0.000000000000000000e+00
2.485753999999999742e-03
8.629105000000001063e-04
8.210431000000000673e-04
1.698838850000000005e-04
2.919394000000000069e-03
2.918771999999999599e-03
3.056339500000000101e-03
7.862671000000001414e-04
8.116649999999999614e-06
4.398679999999999431e-03
1.329291721999999957e-03
6.748790999999999536e-05
-2.692293799999999956e-03
0.000000000000000000e+00
1.429637000000000095e-03
1.530031699999999644e-03
0.000000000000000000e+00
0.000000000000000000e+00
-2.017675500000000195e-04
5.419634250000000516e-04
-3.566772999999999537e-04
-2.079656000000000066e-05
8.491074499999999234e-04
1.093050000000000063e-06
-1.399266299999999915e-04
0.000000000000000000e+00
-2.360330739999999972e-03
-5.233112000000000050e-04
-6.442965999999999190e-04
-1.957807189999999885e-03
-1.844148759999999663e-03
6.604414999999999765e-03
-1.353004000000000099e-03
1.707889899999999852e-03
5.313938000000000689e-04
-2.902012000000000244e-06
3.566315099999999624e-04
2.469575400000000032e-03
-6.914079999999999666e-07
3.346497000000000360e-05
2.599610900000000335e-04
-6.374380359999999557e-05
2.120880400000000091e-04
3.259825199999999792e-05
0.000000000000000000e+00
8.380316999999999880e-06
3.126949199999999813e-04
5.970480000000000136e-06
1.204018600000000046e-03
7.858150000000000310e-06
0.000000000000000000e+00
-1.535557600000000153e-04
-6.754887500000001147e-05
-1.571720670000000225e-04
4.812446999999999970e-04
1.769131000000000176e-03
1.682878999999999972e-03
5.582089999999999405e-04
-5.580878000000000542e-05
-1.282954389999999847e-04
6.289433700000000111e-04
-1.006484300000000056e-04
-9.974562999999999117e-05
-1.100406800000000037e-04
-1.197678500000000124e-04
-2.366548100000000036e-05
-4.294392000000000540e-06
-7.530493999999999394e-05
-2.864388000000000145e-06
-3.058081999999999836e-05
-6.276501000000000031e-05
-7.230775000000000917e-05
7.388919999999999722e-05
-1.550409999999999950e-04
-3.322978800000000142e-04
-1.737145900000000250e-04
-1.311075699999999893e-04
-1.026220999999999904e-03
-9.143244800000000297e-04
-1.964935299999999733e-04
-1.074107099999999988e-04
2.517683200000000012e-04
4.574548700000000216e-05
0.000000000000000000e+00
-1.719351600000000108e-05
0.000000000000000000e+00
-3.957709600000000675e-05
-2.032169999999999806e-06
-1.259661300000000021e-04
-7.436524000000000021e-05
-2.596060000000000010e-05
-4.114324900000000890e-04
-3.386401000000000038e-04
0.000000000000000000e+00
-3.999336999999999348e-05
-5.001960999999999694e-06
0.000000000000000000e+00
-3.240670000000000179e-06
-1.080332199999999888e-04
-2.108613599999999974e-05
-7.961372999999999237e-04
-4.505015599999999734e-05
-7.799144999999999678e-05
0.000000000000000000e+00
-2.277922000000000177e-05
0.000000000000000000e+00
-1.496273799999999952e-04
-3.806887000000000335e-04
2.956984000000000283e-04
-1.611050999999999900e-04
-1.615585599999999855e-05
-8.217468999999999707e-05
1.232201600000000031e-03
6.385911999999998798e-03
9.567048999999999345e-04
6.126421999999999424e-03
7.444160000000000880e-03
1.449022059999999657e-03
7.936155700000001182e-04
6.712950999999999120e-03
4.902725999999999612e-03
1.141223499999999974e-03
7.394011899999999903e-04
1.482023200000000132e-03
8.521377000000000118e-03
1.607907379999999891e-05
5.553224000000000484e-04
5.371699999999999219e-03
4.220034999999999585e-03
4.920498200000000214e-04
1.801102600000000268e-04
4.131856000000000374e-04
-8.118468500000000383e-04
-7.024958000000000417e-03
6.805890999999998810e-03
-1.663421179999999928e-03
-2.671431740000000232e-04
2.447204000000000133e-03
9.290549000000000376e-03
2.263517999999999954e-03
5.448563000000000017e-03
3.603786000000000316e-03
2.998181999999999410e-04
-1.848550400000000210e-04
1.448843289999999931e-03
5.378164999999999855e-03
5.923773000000001100e-03
-3.656412000000000594e-05
3.243300000000000176e-03
2.492033300000000154e-04
-6.835353000000000826e-04
-5.567373100000001362e-04
9.820952000000001715e-04
1.843949999999999938e-06
1.852072519999999728e-04
-3.209602000000000039e-05
0.000000000000000000e+00
4.114850000000000083e-07
7.936060000000000043e-05
-5.264534999999999874e-03
1.153767870000000197e-03
0.000000000000000000e+00
-5.788562999999999174e-03
3.809920999999999534e-03
2.950412999999999820e-03
4.321107000000000030e-04
4.233879620000000630e-04
8.791674999999998796e-04
1.239580000000000039e-06
1.439407990000000134e-04
-1.774202399999999817e-03
7.211230999999999804e-04
3.745876900000000178e-04
-5.530680999999999965e-03
4.397561999999999825e-03
5.371621000000000251e-04
0.000000000000000000e+00
6.677940399999999317e-04
1.734228549999999956e-03
8.756938400000000922e-04
4.188292999999999183e-03
-1.240127000000000243e-02
4.280111999999999979e-03
-1.595047000000000045e-03
-3.531555999999999498e-03
5.419795999999999295e-03
3.631224000000000170e-03
1.226108589999999870e-03
2.717257999999999740e-03
2.303907999999999911e-03
2.723748000000000228e-03
1.623396900000000130e-03
-2.939550999999999883e-03
4.359881000000001214e-03
0.000000000000000000e+00
3.148810000000000096e-05
-2.015449900000000193e-03
5.692815999999999849e-03
5.900400000000000957e-03
6.527215799999999462e-04
9.160465000000001315e-03
6.131372999999999858e-03
1.250705600000000164e-03
4.361231999999999609e-03
-4.138006000000000496e-03
5.471557000000000157e-03
4.767255739999999293e-04
-2.226688499999999842e-03
3.681070999999999736e-03
2.944848999999999817e-03
8.983927799999999464e-04
7.494460100000000348e-04
4.492688000000000378e-05
2.257893000000000373e-05
1.003441200000000221e-04
-2.717344900000000316e-03
1.077712100000000018e-03
6.383121999999999407e-02
0.000000000000000000e+00
7.429672000000001053e-02
4.347279999999999200e-02
